00   000 255
01   000 255
02   000 000 255
03   000 000 255
04   000 000 211 255
05   000 000 143 255
06   000 000 118 235 255
07   000 000 100 200 255
08   000 000 080 160 240 255
09   000 000 032 064 096 128 160 192 224 255
10   000 000 016 032 048 064 080 096 112 128 144 160 176 192 208 224 240 255
11   000 000 010 020 030 040 050 060 070 080 090 100 110 120 130 140 150 160 170 180 190 200 210 220 230 240 250 255
12   000 000 008 016 024 032 040 048 056 064 072 080 088 096 104 112 120 128 136 144 152 160 168 176 184 192 200 208 216 224 232 240 248 255
13   000 000 003 005 008 011 013 016 019 021 024 027 029 032 035 037 040 043 045 048 051 053 056 059 061 064 067 069 072 075 077 080 083 085 088 091 093 096 099 101 104 107 109 112 115 117 120 123 125 128 131 133 136 139 141 144 147 149 152 155 157 160 163 165 168 171 173 176 179 181 184 187 189 192 195 197 200 203 205 208 211 213 216 219 221 224 227 229 232 235 237 240 243 245 248 251 253 255
14   000 000 002 003 005 006 008 010 011 013 014 016 018 019 021 022 024 026 027 029 030 032 034 035 037 038 040 042 043 045 046 048 050 051 053 054 056 058 059 061 062 064 066 067 069 070 072 074 075 077 078 080 082 083 085 086 088 090 091 093 094 096 098 099 101 102 104 106 107 109 110 112 114 115 117 118 120 122 123 125 126 128 130 131 133 134 136 138 139 141 142 144 146 147 149 150 152 154 155 157 158 160 162 163 165 166 168 170 171 173 174 176 178 179 181 182 184 186 187 189 190 192 194 195 197 198 200 202 203 205 206 208 210 211 213 214 216 218 219 221 222 224 226 227 229 230 232 234 235 237 238 240 242 243 245 246 248 250 251 253 254 255
15   000 000 001 002 003 004 005 006 007 008 009 010 011 012 013 014 015 016 017 018 019 020 021 022 023 024 025 026 027 028 029 030 031 032 033 034 035 036 037 038 039 040 041 042 043 044 045 046 047 048 049 050 051 052 053 054 055 056 057 058 059 060 061 062 063 064 065 066 067 068 069 070 071 072 073 074 075 076 077 078 079 080 081 082 083 084 085 086 087 088 089 090 091 092 093 094 095 096 097 098 099 100 101 102 103 104 105 106 107 108 109 110 111 112 113 114 115 116 117 118 119 120 121 122 123 124 125 126 127 128 129 130 131 132 133 134 135 136 137 138 139 140 141 142 143 144 145 146 147 148 149 150 151 152 153 154 155 156 157 158 159 160 161 162 163 164 165 166 167 168 169 170 171 172 173 174 175 176 177 178 179 180 181 182 183 184 185 186 187 188 189 190 191 192 193 194 195 196 197 198 199 200 201 202 203 204 205 206 207 208 209 210 211 212 213 214 215 216 217 218 219 220 221 222 223 224 225 226 227 228 229 230 231 232 233 234 235 236 237 238 239 240 241 242 243 244 245 246 247 248 249 250 251 252 253 254 255
