00   255 000
01   255 000
02   255 012 000
03   255 033 004 000
04   255 070 018 005 000
05   255 115 044 017 007 002 000
06   255 140 058 027 013 006 002 000
07   255 157 075 040 021 011 006 002 000
08   255 177 097 055 035 021 013 008 004 002 000
09   255 225 193 161 129 097 079 063 051 043 035 027 023 019 015 013 011 009 007 005 004 003 002 001 000
10   255 241 225 209 193 177 162 145 129 113 097 087 079 071 063 055 051 047 043 039 035 031 027 025 023 021 019 017 015 014 013 012 011 010 009 008 007 006 005 005 004 004 003 003 002 002 001 001 000
11   255 248 237 227 217 207 197 187 177 167 157 147 137 127 117 107 097 090 085 080 075 070 065 060 055 052 050 047 045 042 040 037 035 032 030 027 026 024 023 022 021 019 018 017 016 014 014 013 013 012 011 011 010 009 009 008 008 007 006 006 006 005 005 005 004 004 004 003 003 003 002 002 002 001 001 001 000
12   255 249 241 233 225 217 209 201 193 185 177 169 161 153 145 137 129 121 113 105 097 091 087 083 079 075 071 067 063 059 055 053 051 049 047 045 043 041 039 037 035 033 031 029 027 026 025 024 023 022 021 020 019 018 017 016 015 014 014 013 013 012 012 011 011 010 010 009 009 008 008 007 007 006 006 006 005 005 005 005 004 004 004 004 003 003 003 003 002 002 002 001 001 001 001 000
13   255 254 251 249 246 243 241 238 235 233 230 227 225 222 219 217 214 211 209 206 203 201 198 195 193 190 187 185 182 179 177 174 171 169 166 163 161 158 155 153 150 147 145 142 139 137 134 131 129 126 123 121 118 115 113 110 107 105 102 099 097 094 092 091 090 088 087 086 084 083 082 080 079 078 076 075 074 072 071 070 068 067 066 064 063 062 060 059 058 056 055 054 053 053 052 051 051 050 049 049 048 047 047 046 045 045 044 043 043 042 041 041 040 039 039 038 037 037 036 035 035 034 033 033 032 031 031 030 029 029 028 027 027 026 026 026 025 025 025 024 024 024 023 023 023 022 022 022 021 021 021 020 020 020 019 019 019 018 018 018 017 017 017 016 016 016 015 015 015 014 014 014 014 014 014 013 013 013 013 013 013 012 012 012 012 012 012 011 011 011 011 011 011 010 010 010 010 010 010 009 009 009 009 009 009 008 008 008 008 008 008 007 007 007 007 007 007 006 006 006 006 006 006 006 006 006 006 006 005 005 005 005 005 005 005 005 005 005 005 004 004 004 004 004 004 004 004 004 004 004 004 003 003 003 003 003 003 003 003 003 003 003 002 002 002 002 002 002 002 002 002 002 002 001 001 001 001 001 001 001 001 001 001 001 000
14   255 255 253 252 250 249 247 245 244 242 241 239 237 236 234 233 231 229 228 227 226 225 223 221 220 218 217 215 213 212 210 208 207 205 204 202 200 199 197 196 194 192 191 189 188 186 184 183 181 180 178 176 175 173 172 170 168 167 165 164 162 160 159 157 156 154 152 151 149 148 146 144 143 141 140 138 136 135 133 132 130 128 127 125 124 122 120 119 117 116 114 112 111 109 108 106 104 103 101 100 098 096 095 093 093 092 091 090 089 089 088 087 086 085 085 084 083 082 081 081 080 079 078 077 077 076 075 074 073 073 072 071 070 069 069 068 067 066 065 065 064 063 062 061 061 060 059 058 057 057 056 055 054 054 054 053 053 052 052 052 051 051 050 050 050 049 049 048 048 048 047 047 046 046 046 045 045 044 044 044 043 043 042 042 042 041 041 040 040 040 039 039 038 038 038 037 037 036 036 036 035 035 034 034 034 033 033 032 032 032 031 031 030 030 030 029 029 028 028 028 027 027 026 026 026 026 026 025 025 025 025 025 024 024 024 024 024 023 023 023 023 023 022 022 022 022 022 021 021 021 021 021 020 020 020 020 020 019 019 019 019 019 018 018 018 018 018 017 017 017 017 017 016 016 016 016 016 015 015 015 015 015 014 014 014 014 014 014 014 014 014 014 013 013 013 013 013 013 013 013 013 013 012 012 012 012 012 012 012 012 012 012 011 011 011 011 011 011 011 011 011 011 010 010 010 010 010 010 010 010 010 010 009 009 009 009 009 009 009 009 009 009 008 008 008 008 008 008 008 008 008 008 007 007 007 007 007 007 007 007 007 007 006 006 006 006 006 006 006 006 006 006 006 006 006 006 006 006 006 006 006 005 005 005 005 005 005 005 005 005 005 005 005 005 005 005 005 005 005 005 004 004 004 004 004 004 004 004 004 004 004 004 004 004 004 004 004 004 003 003 003 003 003 003 003 003 003 003 003 003 003 003 003 003 003 003 003 002 002 002 002 002 002 002 002 002 002 002 002 002 002 002 002 002 002 002 001 001 001 001 001 001 001 001 001 001 001 001 001 001 001 001 001 001 001 000
15   255 255 254 253 252 251 250 249 248 247 246 245 244 243 242 241 240 239 238 237 236 234 233 232 231 230 229 228 227 226 225 224 223 222 221 220 219 218 217 216 215 214 213 212 211 210 209 208 207 206 205 204 203 202 201 200 199 198 197 196 195 194 193 192 191 190 189 188 187 186 185 184 183 182 181 180 179 178 177 176 175 174 173 172 171 170 169 168 167 166 165 164 163 162 161 160 159 158 157 156 155 154 153 152 151 150 149 148 147 146 145 144 143 142 141 140 139 138 137 136 135 134 133 132 131 130 129 128 127 126 125 124 123 122 121 120 119 118 117 116 115 114 113 112 111 110 109 108 107 106 105 104 103 102 101 100 099 098 097 096 095 094 093 093 092 092 091 091 090 090 089 089 088 088 087 087 086 086 085 085 084 084 083 083 082 082 081 081 080 080 079 079 078 078 077 077 076 076 075 075 074 074 073 073 072 072 071 071 070 070 069 069 068 068 067 067 066 066 065 065 064 064 063 063 062 062 061 061 060 060 059 059 058 058 057 057 056 056 055 055 054 054 054 054 053 053 053 053 052 052 052 052 051 051 051 051 050 050 050 050 049 049 049 049 048 048 048 048 047 047 047 047 046 046 046 046 045 045 045 045 044 044 044 044 043 043 043 043 042 042 042 042 041 041 041 041 040 040 040 040 039 039 039 039 038 038 038 038 037 037 037 037 036 036 036 036 035 035 035 035 034 034 034 034 033 033 033 033 032 032 032 032 031 031 031 031 030 030 030 030 029 029 029 029 028 028 028 028 027 027 027 027 026 026 026 026 026 026 026 026 025 025 025 025 025 025 025 025 024 024 024 024 024 024 024 024 023 023 023 023 023 023 023 023 022 022 022 022 022 022 022 022 021 021 021 021 021 021 021 021 020 020 020 020 020 020 020 020 019 019 019 019 019 019 019 019 018 018 018 018 018 018 018 018 017 017 017 017 017 017 017 017 016 016 016 016 016 016 016 016 015 015 015 015 015 015 015 015 014 014 014 014 014 014 014 014 014 014 014 014 014 014 014 014 013 013 013 013 013 013 013 013 013 013 013 013 013 013 013 013 012 012 012 012 012 012 012 012 012 012 012 012 012 012 012 012 011 011 011 011 011 011 011 011 011 011 011 011 011 011 011 011 010 010 010 010 010 010 010 010 010 010 010 010 010 010 010 010 009 009 009 009 009 009 009 009 009 009 009 009 009 009 009 009 008 008 008 008 008 008 008 008 008 008 008 008 008 008 008 008 007 007 007 007 007 007 007 007 007 007 007 007 007 007 007 007 006 006 006 006 006 006 006 006 006 006 006 006 006 006 006 006 006 006 006 006 006 006 006 006 006 006 006 006 006 006 005 005 005 005 005 005 005 005 005 005 005 005 005 005 005 005 005 005 005 005 005 005 005 005 005 005 005 005 005 005 004 004 004 004 004 004 004 004 004 004 004 004 004 004 004 004 004 004 004 004 004 004 004 004 004 004 004 004 004 004 003 003 003 003 003 003 003 003 003 003 003 003 003 003 003 003 003 003 003 003 003 003 003 003 003 003 003 003 003 003 002 002 002 002 002 002 002 002 002 002 002 002 002 002 002 002 002 002 002 002 002 002 002 002 002 002 002 002 002 002 001 001 001 001 001 001 001 001 001 001 001 001 001 001 001 001 001 001 001 001 001 001 001 001 001 001 001 001 001 001 000
