20 20 20 20 20 20 20 20 20 20 20 20 20 20 20 20 20 20 20 20 20 20 20 20 20 20 20 20 20 20 20 20 20 20 20 20 20 20 20 20 20 20 20 20 20 20 20 20 20 20 20 20 20 20 20 20 20 20 20 20 20 20 20 20 20 20 20 20 20 20 20 20 20 20 20 20 20 20 20 20 20 20 20 20 20 20 20 20 20 43 11 56 14 2C 6A 34 32 54 20 20 20 20 20 20 20 20 20 20 20 20 20 20 20 20 20 20 20 20 20 20 20 20 20 20 20 20 20 20 20 20 20 20 20 20 20 20 20 20 20 20 20 20 20 20 20 20 20 20 20 20 20 7B 1B 49 14 0A 00 58 78 6E 

20 20 20 20 20 20 20 20 20 20 20 20 20 20 20 20 20 20 20 20 20 20 20 20 20 20 20 20 20 20 20 20 20 20 20 20 20 20 20 20 20 20 20 20 20 20 20 20 20 20 20 20 20 20 20 20 20 20 20 20 20 20 20 20 20 20 20 20 20 20 20 20 20 20 20 20 20 91 91 91 91 20 20 20 20 20 20 20 28 4B 1D 07 3F 56 22 45 71 23 20 20 20 20 20 20 20 20 20 20 20 20 20 20 20 20 20 20 20 20 20 20 20 20 20 20 20 20 20 20 20 20 20 20 20 20 20 20 20 20 20 20 20 20 20 20 20 20 20 20 20 20 20 20 7A 44 3A 14 09 28 49 23 

20 20 20 20 20 20 20 20 20 20 20 20 20 20 20 20 20 20 20 20 20 20 20 20 20 20 20 20 20 20 20 20 20 20 20 20 20 20 20 20 20 20 20 20 20 20 20 20 20 20 20 20 20 20 20 20 20 20 20 20 20 20 20 20 20 20 20 20 20 20 20 20 20 20 20 20 20 85 85 85 85 91 91 91 91 91 20 20 20 16 17 18 19 39 12 14 30 31 32 20 20 20 20 20 20 20 20 20 20 20 20 20 20 20 20 20 20 20 20 20 20 20 20 20 20 20 20 20 20 20 20 20 20 20 20 20 20 20 20 20 20 20 20 20 20 20 20 20 20 20 20 39 2D 07 7D 48 11 6B 61 57 

20 20 20 20 20 20 20 20 20 20 20 20 20 20 20 20 20 20 20 20 20 20 20 20 20 20 20 20 20 20 20 20 20 20 20 20 20 20 20 20 20 20 20 20 20 20 20 20 20 20 20 20 20 20 20 20 20 20 20 20 20 20 20 20 20 20 20 20 20 20 20 20 20 20 20 20 20 20 7F 20 20 81 97 81 81 80 20 20 30 31 32 34 40 25 41 42 43 44 45 20 20 20 20 20 20 20 20 20 20 20 20 20 20 20 20 20 20 20 20 20 20 20 20 20 20 20 20 20 20 20 20 20 20 20 20 20 20 20 20 20 20 20 20 20 20 20 20 60 56 4C 42 6F 3A 5B 52 7F 4A 40 36 0E 

20 20 20 20 20 20 20 20 20 20 20 20 20 20 20 20 20 20 20 20 20 20 20 20 20 20 20 20 20 20 20 20 20 20 20 20 20 20 20 20 20 20 20 20 20 20 20 20 20 20 20 20 20 20 20 20 20 20 20 20 20 20 20 20 20 20 20 20 20 20 20 20 20 20 20 20 20 20 7F 20 20 20 80 20 81 80 20 20 37 38 39 3A 3B 3C 3D 3E 3F 40 20 20 20 20 20 20 20 20 20 20 20 20 20 20 20 20 20 20 20 20 20 20 20 20 20 20 20 20 20 20 20 20 97 20 20 20 20 20 20 20 20 20 20 20 20 20 20 20 20 20 28 02 21 16 0C 66 30 7A 70 11 3F 5E 

20 20 20 20 20 20 20 20 20 20 20 20 20 20 20 20 20 20 20 20 20 20 20 20 20 20 20 20 20 20 20 20 20 20 20 20 20 20 20 20 20 20 20 20 20 20 20 20 20 20 20 20 20 20 20 20 20 20 20 20 20 20 20 20 20 20 20 20 20 20 20 20 20 20 20 20 20 85 85 85 20 20 97 81 20 80 20 20 50 51 52 53 54 55 56 57 58 59 60 51 62 20 20 20 20 20 20 20 20 20 8D 8E 20 8E 20 20 20 20 20 20 20 20 20 20 20 20 20 20 20 20 91 80 20 20 20 20 20 20 20 20 20 20 20 20 20 20 20 20 41 61 55 76 50 70 64 5A 34 7F 48 3E 

20 20 20 20 20 20 20 20 20 20 20 20 20 20 20 20 20 20 20 20 20 20 20 20 20 20 20 20 20 20 20 20 20 20 20 20 20 20 20 20 20 20 20 20 20 20 20 20 20 20 20 20 20 20 20 20 20 20 20 20 20 20 20 20 20 20 20 20 20 20 20 20 20 20 20 20 20 83 83 83 20 20 97 20 81 80 20 77 6B 11 12 13 14 15 16 67 20 20 20 20 20 20 20 20 20 20 20 20 20 20 8F 92 92 9A 20 88 87 87 89 20 20 20 20 20 20 20 20 20 20 20 20 93 20 20 20 20 20 20 20 20 20 20 20 20 20 20 20 20 20 31 0B 01 22 40 6F 10 06 4F 7E 74 

6A 5E 20 20 4E 6D 20 67 20 20 20 20 41 0B 55 2F 25 1A 20 20 20 20 20 20 18 20 20 20 20 20 20 20 0B 56 20 20 20 20 20 20 20 20 20 20 20 20 20 20 20 20 20 20 20 20 20 20 37 38 20 20 20 20 20 20 20 20 20 20 01 20 20 20 20 20 20 20 20 86 86 86 20 20 80 20 20 80 37 55 4B 41 1B 20 20 25 2A 73 20 20 20 20 20 20 20 20 20 20 20 20 20 20 90 80 80 8F 20 87 8A 8A 87 20 20 20 20 20 20 20 20 20 88 95 89 8E 20 20 20 20 20 20 20 20 20 20 20 20 20 20 20 20 20 20 6C 62 65 5A 50 46 74 3E 34 55 

75 3F 35 2B 04 23 19 0F 2F 07 7D 1E 3E 6B 0C 02 4D 7A 70 66 5C 5E 54 4A 6B 6D 20 20 20 20 47 3D 33 27 2B 20 20 20 3A 32 20 20 20 20 20 20 20 20 20 20 20 20 20 20 20 20 64 65 66 52 48 13 5C 61 57 22 6B 45 3B 31 4F 29 20 20 20 20 20 20 20 20 20 08 7C 1C 76 6C 0B 00 05 7B 1A 0F 69 5F 29 73 4D 43 20 20 20 20 20 20 20 20 20 20 20 20 94 95 95 96 20 87 16 8C 22 20 20 20 20 20 20 20 20 88 95 8D 95 95 89 20 20 20 20 20 20 20 20 20 20 20 20 20 20 20 20 20 24 19 38 2E 08 28 1C 12 6C 37 

00 76 17 46 64 05 7B 55 73 69 5F 39 02 4D 43 48 11 5C 52 2C 20 40 36 10 2F 24 1A 3B 3E 08 29 1F 4D 17 0D 03 5C 7B 71 67 6B 20 20 20 20 20 20 20 20 20 20 20 20 20 20 20 56 57 3B 31 27 54 1F 15 0B 63 03 24 1A 72 12 08 20 20 20 20 20 20 20 20 20 3B 69 5F 55 4A 4D 43 39 59 31 27 48 68 40 36 1E 69 16 20 20 20 20 20 20 20 20 20 20 20 97 87 87 98 20 48 3E 5F 20 20 20 20 20 A4 31 27 71 95 34 95 20 53 28 95 89 2E 08 7E 20 20 6C 62 20 20 20 20 20 20 20 55 4B 69 43 39 5A 78 6E 48 3E 07 

52 2C 22 16 36 10 31 25 1A 1F 15 34 29 03 79 43 0D 67 5D 52 71 12 6C 61 00 76 50 70 64 5A 34 20 48 3E 43 0E 57 4D 27 1D 3B 31 0B 01 20 20 20 20 20 20 20 20 20 20 20 58 77 6C 0D 67 06 7B 71 4B 15 5F 55 2F 24 43 39 5A 20 20 20 20 20 20 20 20 20 1A 10 31 60 7E 1F 15 6F 0D 03 79 53 1C 67 5D 62 2B 20 20 20 20 20 20 20 20 20 20 20 20 99 87 87 9A 20 27 1D 76 15 20 20 20 A5 A3 10 30 08 7E 74 3F 6C 62 58 4E 50 71 67 5D 5F 55 4B 20 20 20 20 20 20 20 20 20 28 2C 22 18 37 10 06 7C 46 74 

15 0B 55 03 79 6F 64 67 5D 53 73 4B 6C 62 02 76 50 46 11 5A 34 2A 20 3E 18 39 2F 4D 27 1D 13 5C 7D 73 69 5D 61 02 78 6C 0C 66 5C 7B 70 20 20 20 20 20 20 20 20 20 33 28 47 21 17 37 2B 05 26 46 0F 30 0A 55 1E 14 6E 64 20 20 20 20 20 20 20 20 20 6B 45 3B 2F 4F 29 4A 3E 33 38 2E 4D 42 38 12 5C 20 20 20 20 20 20 20 20 20 20 20 20 20 20 80 80 20 02 5C 27 70 66 5C 36 54 4A 40 45 63 2E 4F 29 72 3D 33 0D 01 21 17 71 10 05 26 00 20 20 20 20 20 20 20 20 20 5C 52 73 4C 6B 61 57 5B 4F 45 

3B 6A 33 29 4A 79 42 3A 30 26 28 1E 14 0A 37 02 23 1A 47 12 08 7E 56 76 6C 62 65 5A 50 71 74 69 5F 55 1F 4D 43 39 2E 31 27 48 3D 15 36 2C 20 20 20 20 20 20 20 74 6A 6C 0D 03 79 17 71 67 5D 26 55 4B 6C 35 64 5A 50 44 48 20 20 20 20 20 20 20 20 31 27 71 1F 15 0B 00 1F 79 6F 0F 03 20 20 20 20 20 20 20 20 20 20 20 20 20 20 20 20 20 20 90 78 43 1D 13 07 27 2C 22 16 36 10 06 25 1A 74 6A 26 70 4A 6B 35 20 59 4F 44 63 59 33 53 47 20 20 20 20 20 20 20 3B 31 0B 01 1F 15 1A 11 2F 25 20 

75 3E 09 20 59 4D 6D 63 68 5C 7C 72 4C 6B 60 56 30 7A 44 3A 3F 09 28 49 23 18 37 2D 07 27 1B 11 07 36 20 20 16 45 0E 04 7A 54 72 68 5E 63 01 20 20 20 20 20 20 2B 1F 3F 35 56 2E 23 44 3A 3D 32 28 1E 4C 16 0C 02 5B 7A 1B 11 6A 20 20 20 20 20 20 59 24 51 47 68 33 60 56 4C 42 44 20 20 20 20 20 20 20 20 20 20 20 20 20 20 20 20 20 20 88 2B 04 7A 70 3A 68 5E 54 49 4C 42 63 58 5B 51 47 67 3F 35 2B 76 3F 19 3A 05 23 28 1E 14 32 0C 20 20 20 20 20 20 50 20 75 6B 5F 63 59 4F 6E 63 3D 5E 

7D 47 4C 42 0C 56 30 26 1B 3A 14 0A 2A 1E 23 19 39 2D 07 7D 48 11 07 61 57 75 16 72 68 06 7C 56 4C 15 60 3A 5B 25 45 4A 40 34 54 2E 24 43 38 12 20 20 20 20 20 20 2B 21 7B 70 0F 05 5F 20 73 69 60 00 74 6A 44 0F 58 4E 28 1E 3C 20 20 20 20 20 20 11 5A 25 1B 75 69 09 20 04 78 18 20 20 20 20 20 20 20 20 20 20 20 20 20 20 20 20 20 40 44 38 2E 4F 54 1D 3E 34 63 2C 22 18 72 10 06 7C 01 1F 15 0B 01 2E 79 6F 65 3D 5D 53 74 4C 41 20 20 20 20 20 20 20 34 2A 20 15 18 39 2F 24 27 1D 13 33 

0B 01 77 42 6F 10 06 51 7E 74 6A 60 62 58 4E 6F 0D 3C 5D 53 1C 4B 41 37 2B 2F 25 1B 3A 13 34 2A 49 22 18 0E 58 06 7C 72 67 6A 60 01 76 15 6F 65 20 20 20 20 20 20 37 58 23 6C 46 3C 32 50 2A 20 16 5F 0E 2F 25 6E 39 13 09 7D 1D 20 20 20 20 20 20 20 10 6A 60 2A 74 4E 44 39 58 32 20 20 20 20 20 20 20 20 20 20 20 25 20 75 13 34 0E 04 22 18 72 68 31 7C 56 77 40 0B 01 5B 4F 6F 65 3F 5E 53 49 23 6D 37 58 32 7C 46 3C 16 0B 2A 20 20 20 20 20 20 20 20 20 09 38 01 77 6D 47 65 5B 7C 56 74 

5C 52 2C 75 40 36 10 04 24 45 20 14 34 2A 20 23 18 0E 04 32 7C 72 13 41 0B 01 77 50 6F 65 5B 5F 53 49 6A 6E 37 58 4E 19 46 3C 32 28 2A 20 16 37 20 20 20 20 20 13 09 20 57 77 6D 0E 66 06 7C 72 11 20 20 20 20 20 44 65 2F 32 53 20 20 20 20 20 20 20 1B 11 5C 09 2A 20 6B 34 0E 20 20 20 20 20 20 20 20 20 20 20 65 5B 51 45 49 3F 35 54 2D 4E 44 63 58 32 28 72 3C 16 0C 01 20 25 1B 10 2F 09 20 1F 13 6D 63 2E 77 51 72 3D 06 60 56 20 20 20 20 20 20 20 20 3F 08 53 2D 23 17 37 11 07 26 1B 

75 16 35 2A 04 7A 44 0E 04 5E 53 72 68 6D 62 01 77 51 71 65 5B 35 00 49 3F 44 0F 2D 4E 28 1E 3C 32 28 02 4B 16 0C 11 5A 25 1B 75 69 09 20 59 20 20 20 20 20 20 20 4C 16 60 56 4C 25 44 3A 30 34 20 20 20 20 20 20 23 52 1B 11 07 20 20 20 20 20 20 20 7A 54 1D 68 5E 20 2C 4C 6D 20 20 20 20 20 20 20 20 20 20 15 36 2C 5A 24 1A 10 69 08 7E 74 14 6C 62 03 23 7B 71 67 32 5F 55 4B 20 20 20 5A 50 20 20 20 20 20 20 20 20 20 10 06 27 1B 20 20 20 20 20 20 20 39 67 5D 7E 48 4B 6C 62 57 5A 50 

46 66 5A 34 2A 75 3E 43 39 20 20 20 1D 13 31 0B 01 22 40 1A 10 06 4F 7E 74 6A 5E 7E 58 79 6D 62 67 5D 7C 71 4B 41 0B 55 2F 25 1A 39 3E 34 20 20 20 20 20 20 20 20 20 10 06 0B 56 1F 20 20 20 20 20 20 20 20 20 20 20 20 20 20 20 20 20 20 20 20 20 20 2F 4E 43 39 13 5D 27 1D 77 6C 20 20 20 20 20 20 20 0A 7E 74 4E 19 62 58 79 28 46 67 5D 37 55 4B 41 1B 64 2F 25 2A 73 3E 34 20 20 20 20 20 20 20 20 20 20 20 20 20 20 20 20 65 3E 20 20 20 20 20 20 20 20 50 46 3C 6B 34 2A 20 16 18 39 2F 

25 27 1D 13 09 36 01 77 20 20 20 20 20 20 20 20 20 63 58 4E 44 0E 3C 5D 53 1D 4B 41 37 2C 2F 25 0D 2D 05 7B 1C 3C 14 0A 00 20 20 20 64 20 20 20 20 20 20 20 20 20 20 20 3B 31 25 20 20 20 20 20 20 20 20 20 20 20 20 20 20 20 20 20 20 20 20 20 20 20 20 73 4D 6E 0E 57 5C 52 1D 66 40 A3 A4 20 20 20 20 59 4F 29 1F 68 33 0D 03 77 17 71 12 06 7B 00 76 15 0A 64 5A 24 6E 48 3E 20 20 20 20 20 20 20 20 20 20 20 20 20 20 20 20 6F 20 20 20 20 20 20 20 20 20 20 17 71 3A 05 20 20 49 69 5F 39 

58 4D 6E 48 67 5C 52 20 20 20 20 20 20 20 20 20 20 20 29 1F 23 17 0D 03 32 7B 71 12 41 0A 02 78 52 70 66 A3 A4 20 20 6B 20 20 20 20 20 20 20 20 20 20 20 20 20 20 20 20 20 4B 20 20 20 20 20 20 20 20 20 20 20 20 20 20 20 20 20 20 20 20 20 20 20 20 43 39 2F 25 52 1D 13 34 61 2C 22 A5 AC AB 20 20 20 20 20 20 20 58 79 6F 39 67 5D 53 48 4B 41 37 57 2F 50 46 66 5A 34 2A 75 20 20 20 20 20 20 20 20 20 20 20 20 20 20 20 20 20 20 20 20 20 20 20 20 20 20 20 20 20 38 20 20 20 20 21 17 0C 

2B 05 7B 1B 0F 69 20 20 20 20 20 20 20 20 20 20 20 20 62 59 77 6D 47 3D 06 51 2B 21 20 20 20 20 20 20 20 A5 20 20 20 20 20 20 20 20 20 20 20 20 20 20 20 20 20 20 20 20 20 20 20 20 20 20 20 20 20 3A 30 26 2B 49 3F 35 0F 20 20 20 20 20 20 20 20 20 20 0C 66 05 7A 20 20 14 5E 54 4A 20 AD AC AB 20 20 20 20 20 20 20 20 50 19 0F 30 5F 28 1E 14 0A 0C 02 78 6E 1B 66 07 7D 20 20 20 20 20 20 20 20 20 20 20 20 20 20 20 20 20 20 20 20 20 20 20 20 20 20 20 20 20 20 20 20 20 20 20 20 4D 4F 

70 66 5C 7A 54 4A 20 20 20 20 20 20 20 20 20 20 20 20 20 36 0F 20 20 20 20 20 20 20 20 20 20 20 20 20 20 20 20 20 20 20 20 20 20 20 20 20 20 20 20 20 20 20 20 20 20 20 20 20 20 20 20 20 20 20 6E 0E 68 5E 7D 72 4C 42 0C 56 5B 51 20 20 20 20 20 20 3F 19 39 2D 20 20 20 20 20 20 20 20 20 AD AC AB 20 20 20 20 20 20 20 20 20 20 3D 31 51 47 4C 40 60 56 30 4F 44 3A 14 20 20 20 20 20 20 20 20 20 20 20 20 20 20 20 20 20 20 20 20 20 20 20 20 20 20 20 20 20 20 20 20 20 20 20 20 20 05 25 

1B 3C 14 09 2A 20 23 20 20 20 20 20 20 20 20 20 20 20 20 20 20 20 20 20 20 20 20 20 20 20 20 20 20 20 20 20 20 20 20 20 20 20 20 20 20 20 20 20 20 20 20 20 20 20 20 20 20 20 20 20 20 20 20 A6 A3 28 49 3E 41 37 2D 4D 25 1B 11 5C 20 20 20 20 20 20 04 7A 18 72 20 20 20 20 20 20 20 20 20 20 AD AC AC AB 20 20 20 20 20 20 20 20 20 3C 16 0C 01 20 7A 1B 10 04 09 20 20 20 20 20 20 20 20 20 20 20 7C 56 4C 6A 20 20 20 20 20 20 20 20 20 20 20 20 20 20 20 20 20 20 20 20 20 20 20 44 0E 04 

50 45 64 5A 34 54 48 69 20 20 20 20 20 20 20 20 20 20 20 20 20 20 20 20 20 20 20 20 20 20 20 20 20 20 20 20 20 20 20 20 20 20 20 20 20 20 20 20 20 20 20 20 20 20 20 20 20 20 20 20 20 20 20 20 A7 7A 54 72 68 5E 63 01 77 6D 63 20 20 20 20 20 20 20 20 20 20 20 20 20 20 20 20 20 20 20 20 20 20 AD AC AC AB 20 20 20 20 20 20 20 20 72 68 33 60 56 4C 42 44 20 20 20 20 20 20 20 20 20 20 20 20 11 07 7D 1C 75 20 20 20 20 20 20 20 20 20 20 20 20 20 20 20 20 20 20 20 20 20 20 76 3F 19 3A 

05 4E 28 1E 14 32 0C 02 78 20 20 20 20 20 20 20 20 20 20 20 20 20 20 20 20 20 20 20 20 20 20 20 20 20 20 20 20 20 20 20 20 20 20 20 20 20 20 20 20 20 20 20 20 20 20 20 20 20 20 20 20 20 20 20 20 20 31 51 47 21 40 35 2B 30 4F 20 20 20 20 20 20 20 20 20 20 20 20 20 20 20 20 20 20 20 20 20 20 20 20 20 20 20 20 20 20 20 20 20 20 18 72 66 20 27 01 75 15 0B 01 20 20 20 20 20 20 20 20 20 6C 62 58 31 50 46 3C 20 20 20 20 20 20 20 20 20 20 20 20 20 20 20 20 20 20 20 20 7C 29 74 6A 60 

38 58 4E 6F 47 67 5D 53 72 4B 20 20 20 20 20 20 20 20 20 20 20 20 20 20 20 20 20 20 20 20 20 20 20 20 20 20 20 20 20 20 20 20 20 20 20 20 20 20 20 20 20 20 20 20 20 20 20 20 20 20 20 20 20 20 20 20 01 06 7C 71 10 6A 60 00 74 20 20 20 20 20 20 20 20 20 20 20 20 20 20 20 20 20 20 20 20 20 20 20 78 18 20 20 20 20 20 20 20 20 20 5B 25 6F 65 3F 34 53 49 4E 20 20 20 20 20 20 20 20 61 2A 20 25 70 0E 2F 09 20 1D 13 20 20 20 20 20 20 20 20 20 20 20 20 20 20 20 20 20 49 68 5D 53 2D 77 

41 37 11 06 25 20 20 20 20 20 20 20 20 20 20 20 20 20 20 20 20 20 20 20 20 20 20 20 20 20 20 20 20 20 20 20 20 20 20 20 20 20 20 20 20 20 20 20 20 20 20 20 20 20 20 20 20 20 20 20 20 20 20 20 20 20 20 2C 22 24 1A 3B 31 33 29 1F 20 20 20 20 20 20 20 20 20 20 20 20 20 20 20 20 20 1A 48 3E 5F 29 57 4D 43 38 20 20 20 20 20 20 20 20 1F 24 1A 65 2E 08 7E 20 20 20 20 20 20 20 20 67 30 5F 55 4B 3F 5F 39 5A 4E 43 48 3E 20 20 20 20 20 20 20 20 20 20 20 20 20 20 20 79 19 0D 03 5D 28 71 

12 6C 37 00 20 20 20 20 20 20 20 20 20 20 20 20 20 20 20 20 20 20 20 20 20 20 20 20 20 20 74 3E 08 A6 20 20 20 20 20 20 20 20 20 20 20 20 20 20 20 20 20 20 20 20 20 20 20 20 20 20 20 20 20 20 20 20 20 72 66 06 7C 56 75 6A 60 20 20 20 20 20 20 20 20 20 20 20 20 20 20 20 20 20 40 34 2A 20 4F 18 0E 04 7A 7C 1D 13 20 20 20 20 20 20 20 5B 7C 29 74 6A 20 20 20 20 20 20 20 32 53 72 20 41 29 73 21 17 0D 20 20 20 71 11 20 20 20 20 20 20 20 20 20 20 20 20 20 20 20 20 6D 47 3D 33 7C 2B 

21 17 0B 20 20 20 20 20 20 20 20 20 20 20 20 20 20 20 20 20 20 20 20 20 20 20 20 20 20 54 74 68 42 A3 A7 4C 26 20 20 20 20 20 20 20 20 20 20 20 20 20 20 20 20 20 20 20 20 20 20 20 20 20 20 20 20 20 20 19 38 59 33 28 47 3D 20 20 20 20 20 20 20 20 20 20 20 20 20 20 20 20 20 73 11 07 7D 57 20 6B 61 3B 2F 20 20 20 20 20 20 20 20 20 20 12 5C 26 1C 76 6B 20 20 20 20 20 20 05 09 7D 73 69 18 61 57 78 20 20 20 20 20 20 20 20 20 20 20 20 20 20 20 20 20 20 20 20 20 20 05 7B 1C 1F 14 0A 

00 2E 78 20 20 20 20 20 20 20 20 20 20 20 20 20 20 20 20 20 20 20 20 20 20 20 20 1C 12 08 35 00 76 17 44 0F 05 7B 20 20 20 20 20 20 20 20 88 87 89 20 20 20 20 20 20 20 20 20 20 20 20 20 20 20 20 20 4A 13 6D 63 59 77 51 72 68 20 20 20 20 20 20 20 20 20 28 49 3F 33 53 2D 23 42 37 11 07 51 1B 20 16 20 20 20 20 20 20 20 20 20 20 20 20 20 01 5B 51 1C 20 20 20 20 20 20 20 3A 58 4E 28 1E 67 32 0C 20 20 20 20 20 20 20 20 20 20 20 20 20 20 20 20 20 20 20 20 20 20 60 56 30 50 44 3A 3F 

5F 28 49 20 20 20 20 20 20 20 20 20 20 20 20 20 20 20 20 20 20 20 20 20 63 57 4C 6D 47 66 5B 51 47 75 3F 35 2B 04 23 44 3A 20 20 20 20 20 16 0C 02 20 20 20 20 A4 09 20 20 20 20 20 20 20 20 20 20 5E 0B 56 4C 42 1A 3A 30 26 29 1E 20 20 20 20 20 20 20 20 07 7D 72 75 6B 0C 01 04 7A 70 10 68 5E 54 20 20 20 20 20 20 20 20 20 20 20 20 20 20 20 0F 20 20 20 20 20 20 20 20 20 20 70 66 07 26 20 75 6B 35 20 20 20 20 20 20 20 20 20 20 20 20 20 20 20 20 20 20 20 20 1E 23 19 0F 2D 07 7D 73 

2E 79 53 20 20 20 20 20 20 20 20 20 20 20 20 20 20 20 20 20 20 20 20 13 08 27 1D 77 17 0B 01 06 26 1A 10 6A 35 7E 74 4E 44 62 20 20 20 71 67 41 37 00 20 20 A5 A3 2F 50 2A 1E 20 20 20 20 20 20 20 3C 06 7C 01 4B 15 0B 65 5A 79 20 20 20 20 20 20 20 20 20 58 07 50 46 3C 16 34 2A 20 25 43 39 2F 09 20 20 20 20 20 20 20 20 20 20 20 20 20 20 20 20 20 20 20 20 20 20 20 20 20 4B 41 37 3B 2F 25 20 20 20 20 20 20 20 20 20 20 20 20 20 20 20 20 20 20 20 20 20 5B 33 53 49 3F 5E 37 58 4E 6D 

46 3C 32 20 20 20 20 20 20 20 25 1A 1D 13 09 29 20 20 20 20 20 20 20 20 20 20 20 20 74 4E 44 3A 03 32 53 49 12 41 37 2D 21 25 1B 11 30 09 95 95 3F 34 0E 04 4E 18 72 68 5D 7C 56 20 20 20 20 20 20 6F 49 3F 0A 20 20 20 19 37 58 20 20 20 20 20 20 20 20 20 1B 64 2F 09 20 73 13 6D 63 02 77 51 64 03 4D 20 20 20 20 20 20 20 20 20 20 20 20 20 20 20 20 20 20 20 20 20 20 20 7C 72 13 6D 0B 01 20 20 20 20 20 20 20 20 20 20 20 20 20 20 20 20 20 20 20 20 20 20 20 20 20 1B 74 13 09 20 03 77 

6D 0E 12 20 20 20 20 20 20 56 30 4E 44 65 3F 5D 53 20 20 20 20 20 20 20 20 20 20 20 20 20 16 19 0E 04 7A 28 95 95 95 37 56 77 6D 62 65 5B 51 71 49 3F 35 00 2D 4E 44 0F 3C 32 28 1E 20 20 20 20 20 25 1B 20 20 20 20 20 20 6D 63 20 20 20 20 20 20 20 20 4C 16 44 3A 30 25 28 49 3F 34 53 2D 23 43 37 20 20 20 20 20 20 20 20 20 20 20 20 20 20 20 20 20 20 20 20 20 20 47 3B 5B 35 2B 4A 3F 44 3A 20 20 20 20 20 20 20 20 20 20 20 20 20 20 20 20 20 20 20 20 20 20 20 20 20 20 20 4C 42 60 56 

30 26 6F 3A 20 20 20 20 23 19 0D 2D 23 7D 1C 11 07 20 20 20 20 20 20 20 20 20 20 20 20 20 58 4C 5F 39 59 95 95 95 95 95 95 95 95 15 36 2C 06 24 1A 10 6A 33 7E 74 79 42 62 03 5D 51 20 20 20 20 20 20 20 20 20 20 20 20 20 3E 34 0D 20 20 20 20 20 20 20 2B 1F 15 0B 56 03 79 6F 65 67 5D 20 20 20 20 20 20 20 20 20 20 20 20 20 20 20 20 20 20 20 20 20 20 20 20 20 20 6C 1A 10 06 7B 7E 74 6A 0A 62 58 20 20 20 20 20 20 20 20 20 20 20 20 20 20 20 20 20 20 20 20 20 20 20 20 20 20 11 6A 0B 

01 20 79 6F 65 2F 79 53 49 3E 5D 62 58 4D 6C 46 20 20 20 20 20 20 20 20 20 20 20 20 20 20 27 1D 77 18 95 95 95 95 95 95 95 95 95 95 4E 44 63 58 5D 53 72 67 41 37 01 4B 41 1B 20 20 20 20 20 20 20 20 20 20 20 20 20 20 20 20 4C 20 20 20 20 20 20 20 20 08 53 74 4E 17 62 58 32 26 46 20 20 20 20 20 20 20 20 20 20 20 20 20 20 20 20 20 20 20 20 20 20 20 20 20 20 0F 58 4E 44 1E 3C 5D 53 2D 20 20 20 20 20 20 20 20 20 20 20 20 20 20 20 20 79 20 20 20 20 20 20 20 20 20 20 20 20 45 3B 31 

51 29 4A 40 60 38 2E 24 6F 1C 12 08 7E 00 76 20 20 20 20 20 20 20 20 20 20 20 20 20 20 20 20 52 48 20 95 95 95 76 95 95 95 95 95 95 95 95 95 95 95 23 17 71 12 32 7B 00 76 20 20 20 20 20 20 20 20 20 20 20 20 20 20 20 20 20 20 20 20 20 20 20 20 20 20 20 08 7E 48 12 6C 0D 57 76 20 20 20 20 20 20 20 20 20 20 20 20 20 20 20 20 52 20 20 20 20 20 20 4F 1A 1F 15 5E 29 03 79 6D 0D 67 5D 20 20 20 20 20 20 20 20 20 20 20 20 20 20 20 20 38 57 4D 20 20 20 20 20 20 20 20 20 20 20 24 1A 74 

12 08 7E 58 21 6C 0D 67 30 7B 71 4B 3F 5F 20 20 20 20 20 20 20 20 20 20 20 20 20 20 20 20 20 20 20 20 95 95 19 0D 03 79 28 71 95 95 95 95 95 95 95 95 5A 50 46 73 3E 34 20 20 20 20 20 20 20 20 20 20 20 20 20 20 20 20 20 20 20 20 20 20 20 20 20 20 20 20 20 7A 52 48 3E 09 36 20 20 20 20 20 20 20 20 20 20 20 20 20 20 20 20 67 08 7E 20 20 20 20 01 5A 50 46 10 3E 5F 55 1F 69 43 39 20 20 20 20 20 20 20 20 20 20 20 20 20 20 20 20 6A 08 62 03 79 17 0D 67 5D 20 20 20 20 20 20 2F 50 44 

64 3E 34 53 48 22 18 62 2C 06 27 20 20 20 20 20 20 20 20 20 20 20 20 20 20 20 20 20 20 20 20 20 20 20 95 4B 69 5F 39 2F 78 43 39 95 95 95 95 95 95 95 95 06 25 1A 10 20 20 20 20 20 20 20 20 20 20 20 20 20 20 20 20 20 20 20 20 20 20 20 20 20 20 20 20 20 20 3B 06 27 01 4A 15 0B 20 20 20 20 20 20 20 20 20 20 20 64 5A 08 52 48 3E 17 36 2C 4D 26 45 3B 31 51 29 1F 15 60 0D 03 24 6F 20 20 20 20 20 20 20 20 20 20 20 20 20 20 20 55 49 4D 43 39 58 31 27 48 67 20 20 20 20 20 20 10 05 08 

70 66 06 5E 20 75 15 09 63 59 20 20 20 20 20 20 20 20 20 20 20 20 20 20 20 20 20 20 20 20 20 20 20 20 20 95 14 6E 64 2E 78 7D 73 3D 07 61 57 4C 20 20 20 20 20 20 20 20 20 20 20 20 20 20 20 20 20 20 20 20 20 20 20 20 20 20 20 20 20 20 20 20 20 20 20 20 71 66 5C 36 00 4A 40 20 20 20 20 20 20 20 20 20 20 21 17 1C 3C 05 26 00 4B 14 0A 00 5A 78 6E 64 69 07 7D 73 4D 16 61 57 31 25 20 20 20 20 20 20 20 20 20 20 20 20 20 20 33 61 00 21 17 70 20 20 20 20 20 20 20 20 20 20 20 1D 66 5C 

52 2C 4A 40 36 57 59 24 45 3B 20 20 20 20 20 20 20 20 20 20 20 20 20 20 20 20 20 20 20 20 20 20 20 69 5E 61 57 4D 6D 45 3B 31 7C 29 1F 40 0B 38 2E 20 20 20 20 20 20 20 20 20 20 20 20 20 20 20 20 5F 55 20 20 20 20 20 20 20 20 20 20 20 20 20 20 20 20 30 24 29 1F 3F 33 0D 03 20 20 20 20 20 20 20 20 20 20 56 4C 42 0B 56 30 51 1A 3A 3F 35 29 49 23 19 38 2D 07 7D 47 11 16 0C 20 20 20 20 20 20 20 20 20 20 20 20 20 20 20 47 12 5B 51 2B 21 20 20 20 20 20 20 20 20 20 20 20 20 6C 0C 2D 

07 7B 1B 11 6B 0A 20 75 4F 20 20 20 20 20 20 20 20 20 20 20 20 20 20 20 20 20 20 20 20 20 20 20 20 73 11 07 28 02 20 16 0C 66 2F 7A 70 4A 3E 5E 54 75 20 20 20 20 20 20 20 20 20 20 20 20 20 20 20 30 09 28 1E 14 18 20 20 20 20 20 20 20 20 20 20 20 20 63 59 4F 70 72 68 5E 54 01 20 B0 20 20 20 20 20 20 20 35 2B 4A 23 19 0F 59 07 7D 73 68 6B 0C 02 77 7A 70 66 06 5E 54 4A 20 20 20 20 20 20 20 20 20 20 20 20 20 20 20 30 26 6F 1E 20 20 20 20 20 20 20 20 20 20 20 20 20 20 2B 75 4F 45 

3A 59 33 54 49 20 20 20 20 20 20 20 20 20 20 20 20 20 20 20 20 20 20 20 20 20 20 20 20 20 20 20 20 20 20 20 20 51 46 20 41 61 2B 4C 26 70 3A 30 0A 20 1E 14 20 20 20 20 20 20 20 20 61 20 20 20 45 3B 59 4F 70 4A 68 5E 54 2E 20 20 20 20 20 20 20 20 20 35 2B 05 24 19 0F 69 33 7D 1E 78 42 0C 20 20 20 20 20 20 60 54 4A 6B 6F 63 59 4F 7E 47 3D 33 0D 2B 21 42 1C 3A 30 26 20 20 20 20 20 20 20 20 20 20 20 20 20 20 20 61 57 05 4F 20 20 20 20 20 20 20 20 20 20 20 20 20 20 20 0D 2E 24 6F 

1C 12 08 7E 20 20 20 20 20 20 20 20 20 20 20 20 20 20 43 64 58 31 52 48 67 40 36 20 20 20 20 20 20 20 20 20 20 20 0D 03 23 17 71 67 32 7B 00 76 41 0A 64 20 20 20 20 20 20 20 20 4D 43 0C 57 31 27 1B 3B 15 0B 2A 1F 24 1A 39 2E 20 20 20 20 20 20 20 20 50 71 66 05 5F 55 75 69 5F 39 04 4D 43 20 20 20 20 20 20 20 36 10 06 4F 1A 1F 15 5E 29 03 79 6D 0D 03 5D 7C 71 67 6C 20 20 20 20 20 20 20 20 20 20 20 20 20 20 3F 19 39 2D 20 20 20 20 20 20 20 20 20 20 20 20 20 20 20 13 5E 54 59 22 

42 63 3D 20 20 20 20 20 20 20 20 20 20 20 20 20 20 1E 14 6D 0C 02 78 7C 70 11 07 20 20 20 20 20 20 20 20 20 20 20 20 54 56 4C 42 38 65 30 26 1C 74 14 20 20 20 20 20 20 20 20 7E 74 3E 6C 62 03 4D 7B 71 67 5C 5F 55 4B 6B 43 39 5A 20 20 20 20 20 20 20 22 18 36 10 06 27 45 1F 15 0B 54 03 79 20 20 20 20 20 20 20 20 62 01 5A 50 46 10 5A 34 55 1F 3E 43 39 2E 4D 27 1D 3D 20 20 20 20 20 20 20 20 20 20 20 20 20 7E 58 79 17 62 20 20 20 20 20 20 20 20 20 20 20 20 3E 34 53 48 22 18 62 2C 

22 7C 20 20 20 20 20 20 20 20 20 20 20 20 20 20 5D 62 2D 76 6C 46 3C 5A 50 2A 20 69 20 20 20 20 20 20 20 20 20 20 20 16 0B 01 06 25 1A 10 6A 34 7E 20 20 20 20 20 20 20 20 20 20 61 55 4B 41 70 2B 21 17 71 0F 30 26 00 1E 14 0A 64 20 20 20 20 20 20 7D 73 4B 6B 61 57 5A 4F 45 66 6A 34 55 20 20 20 20 20 20 20 20 20 33 0B 20 20 20 20 20 06 51 7E 74 6A 60 62 58 79 6F 20 20 20 20 20 20 20 20 20 20 20 20 20 3E 34 2A 49 22 18 20 20 20 20 20 20 20 20 20 20 20 20 20 20 20 20 74 14 08 62 

58 23 20 20 20 20 20 20 20 20 20 20 20 20 6E 1D 13 09 7D 01 77 18 0C 2C 06 7C 1B 10 6A 20 20 20 20 20 20 20 20 20 20 20 20 20 20 4B 25 1B 66 2F 50 20 20 20 20 20 20 20 20 20 20 20 20 20 20 20 0B 65 5B 4F 6F 49 6A 5E 53 74 4E 20 20 20 20 20 20 20 20 0B 2A 4B 25 1A 39 2F 09 29 1D 13 20 20 20 20 20 20 20 20 20 20 20 20 20 20 20 20 20 20 20 20 20 20 20 20 20 20 20 20 20 20 20 20 20 20 20 20 20 20 20 7E 74 15 6E 0D 03 79 7D 20 20 20 20 20 20 20 20 20 20 20 20 20 20 20 20 57 22 18 

2B 58 20 20 20 20 20 20 20 20 20 20 20 20 4F 70 66 30 5E 54 4A 3F 42 38 2E 4E 26 47 3D 20 20 20 20 20 20 20 20 20 20 20 20 20 20 20 7A 70 39 68 5E 20 20 20 20 20 20 20 20 20 20 20 20 20 20 20 20 20 20 4F 29 1F 14 33 0D 03 23 17 20 20 20 20 20 20 20 0A 64 5A 50 6E 48 69 5F 7D 73 4D 43 20 20 20 20 20 20 20 20 20 20 20 20 20 20 20 20 20 20 20 20 20 20 20 20 20 20 20 20 20 20 20 20 20 20 20 20 20 5C 52 2C 22 40 36 10 31 4F 45 20 20 20 20 20 20 20 20 20 20 20 20 20 20 20 00 76 50 

1A 20 20 20 20 20 20 20 20 20 20 20 20 3B 31 27 56 1F 40 36 65 2E 24 1A 74 12 08 20 20 20 20 20 20 20 20 20 20 20 20 20 20 20 20 20 5A 5D 52 48 3E 6C 20 20 20 20 20 20 20 20 20 20 20 20 20 20 20 20 20 20 08 53 00 76 6C 62 64 5A 50 20 20 20 20 20 02 4D 43 39 2D 31 27 1D 3C 15 0B 2C 4B 24 0C 02 4C 20 20 20 20 20 20 20 20 20 20 20 20 20 20 20 20 20 20 20 20 20 20 20 20 20 20 20 20 20 20 20 20 63 67 08 7E 72 76 6C 62 01 76 50 20 20 20 20 20 20 20 20 20 20 20 20 20 20 20 36 2C 4C 

20 20 20 20 20 20 20 20 20 20 20 20 20 0D 67 5D 26 71 4B 41 35 55 5A 50 44 20 20 20 20 20 20 20 20 20 20 20 20 20 20 20 20 20 20 6F 0F 03 20 20 20 20 20 20 20 20 20 20 20 20 20 20 20 20 20 20 20 20 20 20 16 0A 2A 20 25 19 20 20 20 20 20 20 20 20 20 77 18 46 65 06 7C 55 74 6A 60 64 58 4E 44 73 3C 20 20 20 20 20 20 20 20 20 20 20 20 20 20 20 20 20 20 20 20 20 20 20 20 20 20 20 20 20 20 20 09 53 49 3F 34 37 20 20 20 20 20 20 20 20 20 20 20 20 20 20 20 20 20 20 20 20 20 20 20 2C 

20 20 20 20 20 20 20 20 20 20 20 20 20 20 49 68 41 37 2D 77 25 1B 11 20 20 20 20 20 20 20 20 20 20 20 20 20 20 20 20 20 20 20 20 20 61 20 20 20 20 20 20 20 20 20 20 20 20 20 20 20 20 20 20 20 20 20 20 20 20 05 5F 55 4A 20 20 20 20 20 20 20 20 20 20 2C 77 40 36 10 06 24 45 1F 15 33 29 03 79 42 0D 67 20 20 20 20 20 20 20 20 20 20 20 20 20 20 20 20 20 20 20 20 20 20 20 20 20 20 20 20 20 3B 2F 25 1B 4A 13 20 20 20 20 20 20 20 20 20 20 20 20 20 20 20 20 20 20 20 20 20 20 20 54 37 

2D 20 20 20 20 20 20 20 20 20 20 20 20 20 20 72 68 09 0D 56 77 6D 20 20 20 20 20 20 20 20 20 20 20 20 20 20 20 20 20 20 20 20 20 20 20 20 20 20 20 20 20 20 20 63 59 4E 20 20 20 20 20 20 20 20 20 20 20 20 20 20 20 0A 53 20 20 20 20 20 20 20 20 20 20 20 55 04 7A 70 64 68 5E 54 73 4C 6D 63 02 77 51 47 11 5B 35 2B 20 20 20 20 20 20 20 20 20 20 20 20 20 20 20 20 20 20 20 20 20 20 20 20 41 0A 55 2F 50 19 20 20 20 20 20 20 20 20 20 20 20 20 20 20 20 20 20 20 20 20 A6 A3 51 12 14 09 

63 03 20 20 20 20 20 20 20 20 20 20 20 20 20 44 3A 14 5D 28 1E 20 20 20 20 20 7B 1B 11 6B 0A 20 75 4F 20 20 20 20 20 20 20 20 20 20 20 20 20 20 20 20 20 20 3F 35 64 2D 23 20 20 11 20 20 20 20 20 20 20 20 20 20 20 20 5E 20 20 20 20 20 20 20 20 20 20 20 20 2B 4C 7A 44 3A 30 25 28 1E 14 34 0C 02 23 43 1B 11 07 52 20 75 6B 61 20 20 20 20 20 20 20 20 20 20 20 20 20 20 20 20 20 20 20 2B 4A 23 19 0F 59 20 20 20 20 20 20 20 20 20 20 20 20 20 20 20 20 20 20 20 20 20 20 A7 25 27 33 21 

42 60 0F 20 20 20 20 20 20 20 20 20 20 20 02 07 7D 1C 11 6B 20 20 20 20 45 3A 59 5E 56 4B 6A 44 3A 5A 4E 44 1E 20 20 20 20 20 20 20 20 20 20 20 20 20 20 20 04 7A 43 0E 68 5E 52 72 68 20 20 20 20 20 20 20 20 20 20 20 20 20 20 20 20 20 20 20 20 20 20 20 20 7E 2D 76 6C 62 3C 5A 7B 71 4B 69 5F 55 2F 78 43 39 3E 07 52 4A 24 18 38 20 20 20 20 20 20 20 20 20 20 20 20 20 20 20 20 20 60 64 58 79 6F 73 20 20 20 20 20 20 20 20 20 20 20 20 20 20 20 20 20 20 20 20 20 20 20 20 20 20 21 77 

7A 6F 65 20 20 20 20 20 20 20 20 20 20 46 3C 32 52 2A 20 20 20 20 20 20 70 1D 13 09 20 1D 77 18 0E 2C 06 7C 72 3B 6A 20 20 20 20 20 F4 F2 20 20 20 20 41 37 2D 77 41 1B 3C 06 50 2A 20 15 34 20 20 20 20 20 20 20 20 20 20 20 20 20 20 20 20 20 20 20 20 20 20 44 0D 58 32 28 1C 3C 16 37 2B 20 25 1B 3A 2F 09 20 49 13 09 63 58 77 18 72 20 20 20 20 20 20 20 20 20 20 20 20 20 20 20 2D 23 41 37 11 07 20 20 20 20 20 20 20 20 20 20 20 20 20 20 20 20 20 20 20 20 20 20 20 20 20 20 64 16 39 

4A 40 20 20 20 20 20 20 20 20 20 20 77 18 0E 68 06 7C 72 4C 20 20 20 20 20 6F 65 5B 33 53 49 3F 42 37 2D 4E 51 1B 3C 32 20 20 20 F2 F5 F8 FB 20 20 20 13 09 29 01 77 6D 38 65 5B 51 47 49 20 20 20 20 20 20 20 20 20 20 20 20 20 20 20 20 20 20 20 20 20 20 20 20 6D 0E 04 4E 7C 72 68 5D 60 56 4C 6C 60 3A 5B 7B 6F 49 3F 0A 53 2D 23 19 20 20 20 20 20 20 20 20 20 20 20 20 20 20 09 64 73 13 6D 63 20 20 20 20 20 20 20 20 20 20 20 20 20 20 20 20 20 20 20 20 20 20 20 20 20 20 74 55 37 09 

20 59 20 20 20 20 20 20 20 20 20 20 20 30 51 45 65 5B 35 54 49 3F 20 20 20 20 28 72 11 32 0C 01 20 16 70 10 04 7A 54 1F 68 20 FE F1 F4 F7 FA FD 20 20 20 20 20 35 56 30 79 44 3A 14 08 28 20 20 20 20 20 20 20 20 20 20 20 20 20 20 20 20 20 20 20 20 20 20 20 20 20 20 20 3A 30 51 00 49 40 36 1E 20 16 0C 02 2F 7A 1B 11 3E 09 20 75 4D 20 20 20 20 20 20 20 20 20 20 20 20 20 3A 30 25 28 1E 3F 20 20 20 20 20 20 20 20 20 20 20 20 20 20 20 20 20 20 A6 A3 54 1D 20 20 20 20 20 20 3A 23 3F 

35 2B 4A 20 20 20 20 20 20 20 20 20 20 20 77 16 70 66 06 7A 20 75 15 20 20 20 20 6D 47 3D 33 51 2B 4C 42 60 56 30 26 6F 3A 14 F7 FA FD F0 F3 F6 20 20 20 20 20 20 61 2B 75 4F 70 20 9B 87 9C 20 20 20 20 20 20 20 20 20 20 20 20 20 20 20 20 20 20 20 20 20 20 20 20 20 20 20 20 20 52 72 68 6D 61 01 77 51 70 65 5B 35 20 49 3F 44 0E 20 20 20 20 20 20 20 20 20 20 20 20 20 25 1B 4A 13 09 20 59 77 20 20 20 20 20 20 20 20 20 20 20 20 20 20 20 20 20 20 A7 42 37 20 20 20 20 20 20 20 20 20 

16 6F 0E 04 7A 20 20 20 20 20 20 20 20 20 20 5B 51 47 49 3F 35 2B 58 20 20 20 20 20 20 20 12 16 7E 74 13 6C 62 03 22 7B 71 67 31 F7 FA FD F0 20 20 20 20 20 20 20 20 20 20 23 20 20 20 87 20 20 20 20 20 20 20 20 20 20 20 A6 20 20 20 20 20 20 20 20 20 20 20 20 20 20 20 20 20 20 20 20 1F 14 33 0D 03 23 17 1C 12 32 26 20 20 20 20 20 20 20 20 20 20 20 20 20 20 20 20 57 31 52 1B 3B 40 36 2A 4A 24 1A 39 2E 24 7E 48 12 33 20 20 20 20 20 20 20 20 20 75 69 5F 64 04 78 6E 48 13 5C 52 2C 

22 40 36 57 31 20 20 20 20 20 20 20 20 20 20 03 08 7C 1C 12 6C 0B 00 76 20 20 20 20 20 20 20 69 5F 38 57 4D 43 47 3B 31 52 56 1F 40 F1 F4 20 20 20 20 20 20 20 20 20 20 20 20 20 20 20 87 20 20 20 20 20 20 64 5A 5D 52 48 A3 A7 20 20 20 20 20 20 20 20 20 20 20 20 20 20 20 20 20 20 20 20 20 20 6E 64 66 5C 52 73 12 20 20 20 20 20 20 20 20 20 20 20 20 20 20 20 20 27 1D 13 5D 0B 01 77 6C 7D 57 78 6D 0C 66 5C 7C 70 4A 20 20 20 20 20 20 20 20 20 20 20 21 17 0D 56 05 7B 1C 65 30 0A 00 

74 14 6E 64 20 20 20 20 20 20 20 20 20 20 46 3C 31 50 2A 4B 41 35 56 30 50 20 20 20 20 20 20 20 6E 0C 2D 07 7D 1B 11 6B 61 2A 75 4F 70 20 20 20 20 20 20 20 20 20 20 20 20 20 20 20 20 87 20 20 20 20 20 19 73 13 07 28 1E 22 20 20 20 20 20 20 20 20 20 20 20 20 20 20 20 20 20 20 20 20 20 20 20 20 1A 3A 30 26 29 1E 20 20 20 20 20 20 20 20 20 20 20 20 20 20 20 59 4F 70 74 68 5E 54 1F 4C 42 38 2E 30 26 47 3D 3F 35 20 20 20 20 20 20 20 20 20 20 20 20 20 20 17 70 66 5C 26 54 4A 6B 35 

38 59 4F 44 47 20 20 20 20 20 20 20 20 30 26 71 3A 14 0A 00 1E 78 6E 0F 20 20 20 20 20 20 20 20 20 4F 45 3B 5A 33 54 4A 69 5E 38 2E 78 42 20 20 20 20 20 20 20 20 20 20 20 20 20 20 20 87 20 20 20 7E 74 4E 44 62 58 32 28 71 20 20 20 20 20 20 20 20 20 20 00 20 20 20 20 20 20 20 20 20 20 20 20 20 20 20 20 5B 4F 70 4A 20 20 20 20 20 20 20 20 20 20 20 20 20 35 2B 21 7B 44 0F 05 0A 53 1E 14 6E 62 02 78 52 71 66 20 20 20 20 20 20 20 20 20 20 20 20 20 20 20 20 42 38 3C 30 26 1C 4B 14 

0A 00 5A 78 6E 20 20 20 20 20 20 20 20 57 4D 25 45 66 5C 34 54 20 20 20 20 20 20 20 20 20 20 20 20 20 20 0C 0F 05 7B 1B 73 69 0A 2A 02 78 20 20 20 20 20 20 20 20 20 20 20 20 20 20 20 87 20 20 20 17 0D 2E 22 26 1C 12 31 0A 20 20 20 20 20 20 20 20 20 69 5E 7D 57 4D 6D 20 20 20 20 20 20 20 20 20 20 20 20 20 12 08 20 20 20 20 20 20 20 20 20 20 20 20 20 74 69 6E 64 03 78 52 48 12 5C 36 2C 21 40 45 3B 20 20 20 20 20 20 20 20 20 20 20 20 20 20 20 20 20 20 20 20 7B 19 64 69 5F 28 73 

3F 35 29 49 20 20 20 20 20 20 20 20 20 0C 56 20 16 70 65 04 20 20 20 20 20 20 20 20 20 20 20 20 20 20 20 20 60 56 30 4E 44 3A 14 5D 28 20 20 20 20 20 20 20 20 20 20 20 20 20 20 20 88 87 7A 28 72 68 5E 37 56 4C 42 46 3A 5B 51 20 20 20 20 20 20 20 19 0F 11 32 28 1E 20 16 20 20 20 20 20 20 20 20 20 20 20 20 20 20 20 20 20 20 20 20 20 20 20 20 20 20 25 28 1E 14 34 0C 02 23 43 1B 11 07 52 20 20 20 20 20 20 20 20 20 20 20 20 20 20 20 38 20 20 20 20 20 20 20 2B 4A 23 19 0F 59 23 7D 

1E 68 32 20 20 20 20 20 20 20 20 20 20 15 5E 63 20 20 20 20 20 20 20 20 20 20 20 20 20 20 20 20 20 20 20 1E 78 19 0D 2D 07 7D 1C 11 6B 20 20 20 20 20 20 20 20 20 20 20 20 20 20 20 52 41 67 30 51 2B 76 3F 35 0F 05 23 19 73 14 20 20 20 20 20 20 20 5C 50 70 66 40 5F 54 75 4F 6E 20 20 20 20 20 20 20 20 20 20 20 20 20 20 20 20 20 20 20 20 20 20 20 3A 03 79 6F 49 67 5D 53 2D 76 41 62 58 05 20 20 20 20 20 20 20 20 20 20 20 20 20 20 13 41 0B 01 77 50 6F 65 06 7B 53 74 6A 0A 62 58 4E 

19 46 3C 20 20 20 20 20 20 20 20 20 1B 48 13 20 20 20 20 20 20 20 20 20 20 20 20 20 20 20 20 20 20 20 20 53 49 3E 41 37 2D 4D 25 46 3C 5C 20 20 20 20 20 20 20 20 20 20 20 20 20 20 49 6D 36 65 5B 51 45 49 6A 60 54 74 4E 44 63 20 20 20 20 20 20 20 01 4B 25 1B 10 2F 09 20 1F 13 6D 20 20 20 20 20 20 20 20 20 20 20 20 20 20 20 20 20 20 20 20 20 26 1A 3A 14 35 29 49 3F 19 38 2D 20 20 20 20 20 20 20 20 20 20 20 20 20 20 20 20 5E 38 03 4C 6D 47 12 5B 51 47 21 3F 35 2B 30 4E 44 3A 14 

5D 28 1E 20 20 20 20 20 20 20 20 20 20 20 20 20 20 20 20 20 20 20 20 20 20 20 20 20 20 20 20 20 20 20 20 27 56 1F 15 0B 01 03 79 6F 65 12 5D 20 20 20 20 20 20 20 20 20 20 20 20 20 20 20 43 39 2F 79 27 1D 13 08 0B 01 22 17 1A 20 20 20 20 20 20 20 20 59 7A 46 48 69 5F 55 73 4D 43 39 20 20 20 20 20 20 20 20 20 20 20 20 20 20 20 20 20 20 20 03 4D 17 71 67 5C 7B 55 4B 6B 5F 20 20 20 20 20 20 20 20 20 20 20 20 20 20 20 45 1F 15 0B 54 1F 79 1A 63 03 08 7E 72 12 6C 62 01 76 50 46 10 

5A 5F 55 20 20 20 20 20 20 20 20 20 20 20 20 20 20 20 20 20 20 20 20 20 20 20 20 20 20 20 20 20 20 20 20 20 20 20 4B 50 44 64 5A 34 53 20 20 20 20 20 20 20 20 20 20 20 20 20 20 20 20 20 20 1A 1E 67 08 7E 2D 76 6C 62 3C 5A 50 20 20 20 20 20 20 20 43 39 13 07 27 1D 3E 16 0B 2C 22 25 1A 20 20 20 20 20 20 20 20 20 20 20 20 20 20 20 20 20 41 0C 39 5A 52 1D 4A 40 20 20 20 20 20 20 20 20 20 20 20 20 20 20 20 20 20 20 20 20 73 69 08 61 57 4D 17 45 3B 31 26 29 1F 40 35 38 2E 24 44 1C 

12 08 53 20 20 20 20 20 20 20 20 20 20 20 20 20 20 20 20 20 20 20 20 20 20 20 20 20 20 20 20 20 20 20 20 20 20 20 20 20 20 20 13 09 20 20 20 20 20 20 20 20 20 20 20 20 20 20 20 20 20 20 20 29 72 3D 17 38 01 21 26 1C 10 30 0A 20 20 20 20 20 20 20 19 73 3D 07 7D 57 4C 6B 61 3B 5B 4F 70 4A 20 20 20 20 20 20 20 20 20 20 20 20 20 20 20 20 20 44 0F 05 5F 53 73 20 20 20 20 20 20 20 20 20 20 20 20 20 20 20 20 20 20 20 20 20 20 20 21 17 38 3C 30 26 1C 4B 14 0A 00 5A 78 6E 0F 05 07 7D 

73 69 16 61 20 20 20 20 20 20 20 20 20 20 20 20 20 20 20 20 20 20 20 20 20 20 20 20 20 20 20 20 20 20 20 20 20 20 20 20 20 20 20 20 20 20 20 20 20 20 20 20 20 20 20 20 20 20 20 20 20 20 20 20 7C 72 68 32 60 56 4C 41 60 65 5B 50 20 20 20 20 20 20 23 6E 37 11 32 7D 46 20 16 0C 2A 04 7A 20 20 20 20 20 20 20 20 20 20 20 20 20 20 20 20 20 20 20 45 3B 05 4F 20 20 20 20 20 20 20 20 20 20 20 20 20 20 20 20 20 20 20 20 20 20 20 20 20 4D 43 0C 57 31 52 1B 66 5C 36 2A 4A 40 1A 39 2E 24 

29 48 12 33 20 20 20 20 20 20 20 20 20 20 20 20 20 20 20 20 20 13 20 20 20 20 20 20 20 20 20 20 20 20 20 20 20 20 20 20 20 20 20 20 20 20 20 20 20 20 20 20 20 20 20 20 20 20 20 20 20 20 20 20 20 52 56 4A 40 36 01 2E 24 1A 10 20 20 20 20 20 20 20 03 30 7B 71 67 3F 5F 55 76 4E 6E 64 20 20 20 20 20 20 20 20 20 20 20 20 20 20 20 20 20 20 20 20 20 20 20 20 20 20 20 20 20 20 20 20 20 20 20 20 20 20 20 20 20 20 20 20 20 20 20 20 20 20 4B 40 1A 10 5A 24 7E 74 69 08 0D 03 78 17 71 67 

79 6D 47 3D 20 20 20 20 20 20 20 20 20 20 20 20 20 20 20 20 19 62 2D 07 7D 71 20 20 20 20 20 20 20 20 20 20 20 20 20 20 20 20 20 20 20 20 20 20 20 20 20 20 0F 5A 23 19 20 20 20 20 20 20 20 20 20 5C 25 70 66 6B 34 20 75 4F 20 20 20 20 20 20 20 20 20 2B 4C 26 70 3A 30 26 20 1E 14 20 20 20 20 20 20 20 20 20 20 20 20 20 20 20 20 20 20 20 20 20 20 20 20 20 20 20 20 20 20 20 20 20 20 20 20 20 20 20 20 20 20 20 20 20 20 20 20 20 20 20 20 4A 6B 0B 63 59 4F 1A 47 3D 33 29 2B 21 42 38 

3A 30 26 1C 20 20 20 20 20 20 20 20 20 20 20 20 20 20 20 57 21 4F 45 66 30 5E 54 4A 3F 20 20 20 20 20 20 20 20 20 20 20 20 20 20 20 20 20 20 20 20 20 20 78 6E 37 66 5C 52 20 20 20 20 20 20 20 20 20 20 33 29 73 3D 17 38 02 21 20 20 20 20 20 20 20 20 0A 64 2F 78 19 73 3E 07 7D 20 20 20 20 20 20 20 20 20 20 20 20 20 20 20 20 20 20 20 20 20 20 20 20 20 20 20 20 20 20 20 20 20 20 20 20 20 20 20 59 4F 29 74 3D 33 20 20 20 20 20 20 20 20 20 20 20 20 20 05 4E 19 0F 69 5D 7D 73 4D 6C 

61 57 78 7B 20 20 20 20 20 20 20 20 20 20 20 20 20 20 33 37 2B 21 17 46 0F 05 7B 71 73 20 20 20 20 20 20 20 20 20 20 20 20 20 20 20 20 20 20 20 20 20 29 1F 69 17 38 2E 78 26 20 20 20 20 20 20 20 20 20 20 25 7D 73 69 34 61 20 20 20 20 20 20 20 20 20 40 36 20 2E 24 1A 0E 12 33 20 20 20 20 20 20 20 20 20 20 20 20 20 20 20 20 20 20 20 20 20 20 20 20 20 20 20 20 20 20 20 20 20 20 20 20 20 26 44 3A 14 0A 53 1E 78 6E 20 20 20 20 20 20 20 20 20 20 20 20 20 59 33 54 1E 3D 5E 38 2D 4C 

42 1C 3C 30 20 20 20 20 20 20 20 20 20 20 20 07 7D 57 78 16 0C 02 5C 25 70 66 40 34 20 20 20 20 20 20 20 20 39 2F 20 20 20 20 20 20 20 20 1A 73 12 08 7E 02 76 6C 62 11 5A 50 71 20 20 20 20 20 20 20 20 B0 20 27 48 22 6B 36 20 20 20 20 20 20 20 20 20 15 18 0D 03 79 27 71 67 20 20 20 20 20 20 20 20 20 20 20 20 20 20 2C 22 20 20 20 20 20 20 20 20 20 20 20 20 20 20 20 20 20 20 20 20 20 58 77 50 46 67 06 34 55 4B 15 43 20 20 20 20 20 20 20 20 20 20 20 20 20 06 51 1A 74 6A 60 7E 03 

79 6F 0D 67 5D 20 20 20 20 20 20 20 50 46 3A 5A 34 2A 49 3E 18 0E 58 22 27 1D 67 31 0B 20 20 20 20 20 20 20 53 74 14 08 7E 58 23 6C 62 3C 32 50 46 4B 41 5F 55 2F 25 6E 39 13 09 7D 20 20 20 20 20 20 20 1B 10 06 60 2A 74 6A 6F 20 20 20 20 20 20 20 37 57 4B 41 46 66 2F 50 20 20 20 20 20 20 20 20 20 20 20 20 20 20 40 0B 01 5B 20 20 20 20 20 20 20 20 20 20 20 20 20 20 20 20 0B 2A 4B 41 0C 2B 21 17 1B 0F 05 7B 2A 73 69 0A 20 20 20 20 20 20 20 20 20 20 20 20 57 04 4F 45 3B 13 33 29 

1F 22 17 38 2E 31 20 20 20 20 20 20 20 6B 6E 64 05 7A 7D 73 69 09 61 57 4D 18 45 3B 20 20 20 20 20 20 20 20 24 1A 63 12 08 29 72 21 17 0D 01 05 7B 71 10 69 5F 00 1F 78 6E 64 2E 78 52 20 20 20 20 20 20 20 45 3B 5B 4F 29 1F 6A 33 20 20 20 20 20 20 20 20 00 76 6C 35 20 20 20 20 20 20 20 20 20 20 20 20 20 20 20 71 3B 40 36 00 4A 24 1A 0F 2E 24 20 20 20 20 20 20 20 20 20 20 05 7B 55 4B 69 5F 64 5A 78 6E 48 3E 07 52 48 22 20 20 20 20 20 20 20 20 20 20 20 20 43 0D 03 08 52 1C 12 6C 

61 00 76 6C 70 64 20 20 20 20 20 20 20 20 4D 43 1D 3B 31 27 2C 4A 40 36 10 59 24 1A 20 20 20 20 20 20 20 20 03 06 7B 71 67 15 5F 55 76 24 43 64 5A 33 52 48 3E 42 36 2C 22 6D 1A 3B 31 7C 20 20 20 20 20 20 20 0C 0E 59 7A 20 20 20 20 20 20 20 20 20 20 20 20 20 20 20 20 20 20 20 20 20 20 20 20 20 20 20 20 20 22 7A 70 66 31 7A 54 75 40 09 63 59 20 20 20 20 20 20 20 20 20 20 3A 30 26 1A 1E 14 0A 29 1E 78 19 38 2D 07 7D 47 11 20 20 20 20 20 20 20 20 20 20 20 68 42 38 03 4C 42 1C 12 

30 51 2B 21 3F 35 20 20 20 20 20 20 20 20 20 78 6C 0C 66 5C 7B 70 4A 6B 0A 54 75 4F 19 20 20 20 20 20 20 17 37 2B 4C 26 46 3A 30 0A 55 1E 14 6E 64 02 78 19 73 11 07 7D 57 20 6B 61 3B 2F 4F 20 20 20 20 20 20 20 42 38 20 20 20 20 20 20 20 20 20 20 20 20 20 20 20 20 20 20 20 20 20 20 20 20 20 20 20 20 20 61 63 59 4F 45 72 3D 33 29 01 21 17 38 20 20 20 20 20 20 20 20 20 20 6E 0F 59 07 7D 73 68 6B 61 57 77 4F 45 3B 06 33 54 4A 15 20 20 20 20 20 20 20 20 20 2B 21 17 60 0F 05 7B 6F 

2B 46 37 7B 55 70 20 20 20 20 20 20 20 20 20 20 20 3F 5A 75 38 67 05 20 39 53 20 20 20 20 20 20 20 20 20 20 20 76 3B 15 30 74 63 3D 58 72 0B 26 00 70 33 4E 28 39 1C 71 58 03 19 27 3F 56 13 1C 20 20 20 20 20 20 20 20 20 20 20 20 20 20 20 20 20 20 20 20 20 20 20 20 20 20 20 20 20 20 20 20 20 20 20 20 77 65 2A 1A 1F 63 4B 3B 56 20 20 20 20 20 20 20 20 20 20 20 20 20 20 20 76 66 15 03 1E 0E 68 56 1B 20 20 54 43 5E 20 20 20 20 20 20 20 20 20 20 20 20 20 20 20 20 6F 0A 0E 27 17 32 

4D 4F 3F 5A 20 20 20 20 20 20 20 20 20 20 20 20 20 20 0A 7A 6A 05 49 77 12 2D 47 1F 20 20 20 20 20 20 20 06 0A 25 15 04 32 4D 3D 02 5A 4A 65 00 43 72 0D 28 54 17 43 62 18 2A 3D 16 0F 45 21 67 10 20 20 20 20 20 20 20 20 20 20 20 20 20 20 20 20 20 20 20 20 20 20 20 20 20 20 20 20 20 20 20 20 20 20 66 00 5A 75 64 28 02 1D 62 50 40 20 20 20 20 20 20 20 20 20 20 20 20 20 20 1D 60 7C 56 71 5F 24 14 19 5E 4D 3D 42 5C 75 65 20 20 20 20 20 20 20 20 20 20 20 20 20 53 18 06 21 11 16 59 

49 3B 15 20 20 20 20 20 20 20 20 20 20 20 20 20 20 20 76 50 14 03 1E 0E 12 2B 1B 36 10 20 20 20 20 20 20 06 21 4F 13 2E 49 4D 3B 56 46 61 0E 7E 6E 09 0C 28 88 87 87 89 64 35 91 20 20 88 87 87 89 11 20 20 20 20 20 20 20 20 20 20 20 20 20 20 20 20 20 20 20 20 20 20 20 20 20 20 20 20 20 20 20 20 5B 4C 67 01 04 74 0F 20 42 1C 37 52 41 20 20 20 20 20 20 20 20 20 20 20 20 7A 54 44 5F 78 7C 6C 07 76 3A 14 2F 74 62 3C 57 72 35 20 20 20 20 20 20 20 20 20 20 20 30 73 0E 68 03 71 38 12 

2D 71 60 20 20 20 20 20 20 20 20 20 20 20 20 20 20 20 2C 70 0B 65 2A 18 33 0D 28 20 20 20 20 20 20 20 20 5A 73 0E 68 58 1B 36 51 2B 19 5E 79 53 17 06 20 20 87 8A 8A 87 20 97 20 98 20 87 8A 8A 87 20 16 20 20 20 20 20 20 20 20 20 20 20 20 20 20 20 20 20 20 20 20 20 20 20 20 20 20 20 20 20 20 20 20 4B 64 20 20 20 0C 27 17 32 0A 24 3F 5A 20 20 20 20 20 20 20 20 20 20 37 52 42 45 5F 7A 6A 04 07 77 12 61 20 20 3A 55 02 47 62 7D 20 20 20 20 20 20 20 20 20 01 5B 4B 66 20 03 73 0E 7D 

2B 1B 36 20 20 20 20 20 20 20 20 20 20 20 20 20 20 51 56 46 36 79 53 6E 09 77 20 20 20 20 20 20 20 20 20 20 01 71 34 0E 29 19 32 4C 26 41 30 20 9B 87 9C 20 87 8B 8C 87 20 91 80 91 20 87 8B 8C 87 20 9B 87 20 20 20 20 20 20 20 20 20 20 20 20 20 20 20 20 20 20 20 20 20 20 20 20 20 20 20 20 20 20 20 20 20 20 20 20 20 0E 27 41 5C 36 25 69 20 20 20 20 20 20 20 20 20 20 1E 62 51 6C 07 60 6B 08 71 4B 9B 87 9C 20 20 51 41 5C 0A 4E 20 20 20 20 20 20 20 20 57 47 37 47 61 7C 6C 45 09 24 

14 43 31 20 20 20 20 20 20 20 20 20 20 61 60 58 48 4F 3F 41 5C 77 67 3F 04 74 0F 20 20 20 20 20 20 20 20 20 9B 6C 07 22 3B 14 2F 1F 39 3C 20 20 20 87 20 20 8D 80 80 8E 20 20 93 20 20 8D 80 80 8E 20 20 87 20 20 20 20 20 20 20 20 20 20 20 20 20 20 20 20 20 20 20 20 20 20 20 20 20 20 20 20 20 20 20 20 20 20 20 20 20 1E 78 13 2D 46 20 20 20 20 20 20 20 20 20 20 7C 6B 2F 34 24 69 57 72 4C 67 2A 20 20 87 20 20 20 20 20 20 20 20 20 20 20 20 20 20 70 42 45 58 39 12 26 62 7B 16 70 60 

23 3E 2E 20 20 20 20 20 20 20 20 20 12 6C 74 39 2F 71 4F 6A 44 5D 77 12 6C 5B 1F 3A 20 20 20 20 20 20 20 20 20 87 20 20 20 40 19 32 4D 20 20 20 20 87 20 20 8F 92 92 90 20 20 80 20 20 8F 92 92 90 20 20 87 20 20 20 20 20 20 20 20 20 20 20 20 20 20 20 20 20 20 20 20 20 20 20 20 20 20 20 20 20 20 20 20 20 20 20 20 20 77 3C 14 04 1F 20 20 20 20 20 20 20 20 20 9B 87 9C 32 77 65 3F 5A 20 20 20 20 20 20 87 20 20 20 20 20 20 20 20 20 20 20 20 20 20 20 20 20 20 20 20 20 20 4C 67 2A 1A 

74 0F 20 20 20 20 20 20 20 20 56 32 21 49 43 29 3B 4A 50 66 55 2F 4A 67 00 1B 75 20 20 20 20 20 20 20 20 20 20 87 20 20 20 20 20 20 20 20 20 20 20 87 20 20 90 90 8F 8F 20 20 20 20 20 90 90 8F 8F 20 20 87 20 20 20 20 20 20 20 20 20 20 20 20 20 20 20 20 20 20 20 20 20 20 20 20 20 20 20 20 20 20 20 20 20 20 20 13 42 67 1C 37 20 20 20 20 20 20 20 20 20 20 20 20 87 20 20 20 20 20 20 20 20 20 20 20 20 87 20 20 20 20 20 20 20 20 20 20 20 20 20 20 20 20 20 20 20 20 20 20 07 77 12 02 

38 11 20 20 20 20 20 20 20 20 20 20 50 40 30 20 28 38 20 20 9B 87 9C 20 20 20 20 20 20 20 20 20 20 20 20 20 20 87 20 20 20 20 20 20 20 20 20 20 20 87 20 20 94 95 95 96 20 88 87 89 20 94 95 95 96 20 20 87 20 20 20 20 20 20 20 20 20 20 20 20 20 20 20 20 20 20 20 20 20 20 20 20 20 20 20 20 20 20 20 20 20 20 20 9B 87 9C 20 20 20 20 20 20 20 20 20 20 20 20 20 20 87 20 20 20 20 20 20 20 20 20 20 20 20 87 20 20 20 20 20 20 20 20 20 20 20 20 20 20 20 20 20 20 20 20 20 20 6E 09 0C 7B 

16 20 20 20 20 20 20 20 20 20 20 20 20 20 20 20 20 20 20 20 20 87 20 20 20 20 20 20 20 20 20 20 20 20 20 20 20 87 20 20 20 20 20 20 20 20 20 20 20 87 20 20 97 87 87 98 88 87 20 87 89 97 87 87 98 20 20 87 20 20 20 20 20 20 20 20 20 20 20 20 20 20 20 20 20 20 20 20 20 20 20 20 20 20 20 20 20 20 20 20 20 20 20 20 87 20 20 20 20 20 20 20 20 20 20 20 20 20 20 20 87 20 20 20 20 20 20 20 20 20 20 20 20 87 20 20 20 20 20 20 20 20 20 20 20 20 20 20 20 20 20 20 20 20 20 20 20 60 7B 55 

1A 20 20 20 20 20 20 20 20 20 20 20 20 20 20 20 20 20 20 20 20 87 20 20 20 20 20 20 20 20 20 20 20 20 20 20 20 87 20 20 20 20 20 20 20 20 20 20 20 87 20 20 99 87 87 9A 87 20 20 20 87 99 87 87 9A 20 20 87 20 20 20 20 20 20 20 20 20 20 20 20 20 20 20 20 20 20 20 20 20 20 20 20 20 20 20 20 20 20 20 20 20 20 20 20 87 20 20 20 20 20 20 20 20 20 20 20 20 20 20 20 87 20 20 20 20 20 20 20 20 20 20 20 20 87 20 20 20 20 20 20 20 20 20 20 20 20 20 20 20 20 20 20 20 20 20 20 20 20 34 22 

7C 6C 20 20 20 20 20 20 20 20 20 20 20 20 20 20 20 20 20 20 20 87 20 20 20 20 20 20 20 20 20 20 20 20 20 20 20 87 20 20 20 20 20 20 20 20 20 20 20 87 20 20 20 80 80 20 9B 87 20 87 9C 20 80 80 20 20 20 87 20 20 20 20 20 20 20 20 20 20 20 20 20 20 20 20 20 20 20 20 20 20 20 20 20 20 20 20 20 20 20 20 20 20 20 20 87 20 20 20 20 20 20 20 20 20 20 20 20 B0 20 20 87 20 20 20 20 20 20 20 20 20 20 20 20 87 20 20 20 20 20 20 20 20 20 20 20 20 20 20 20 20 20 20 20 20 20 20 20 20 5B 76 

66 3E 03 20 20 20 20 20 20 20 20 20 20 20 20 20 20 20 20 20 20 87 20 20 20 20 20 20 20 20 20 20 20 20 20 20 20 87 20 20 20 20 20 20 20 20 20 20 20 87 20 20 20 90 8F 20 20 9B 87 9C 20 20 90 8F 20 20 20 87 20 20 20 20 20 20 20 20 20 20 20 20 20 20 20 20 20 20 20 20 20 20 20 20 20 20 20 20 20 20 20 20 20 20 20 20 87 20 20 20 20 20 20 20 20 20 20 20 20 20 20 20 87 20 20 20 20 20 20 20 20 20 20 20 20 87 20 20 20 20 20 20 20 20 20 20 20 20 20 20 20 20 20 20 20 20 20 20 20 5A 34 4D 

67 02 1D 20 20 20 20 20 20 20 20 20 20 20 20 20 20 20 20 20 20 87 20 20 20 20 20 20 20 20 20 20 20 20 20 20 20 87 20 20 20 20 20 20 20 20 20 20 20 87 20 20 20 90 8F 20 20 20 20 20 20 20 90 8F 20 20 20 87 20 20 20 20 20 20 F8 F0 20 20 20 20 20 20 FC FF 20 20 20 20 20 20 20 20 20 20 20 20 20 20 20 20 20 20 20 20 87 20 20 20 20 20 20 20 20 20 20 20 1B 36 26 88 87 89 20 20 20 20 20 20 20 20 20 20 20 87 20 20 20 20 20 20 20 20 20 20 20 20 20 20 20 20 20 20 20 20 20 20 44 5D 79 69 

43 5D 76 20 20 20 20 20 20 20 20 20 20 20 20 20 20 20 20 20 20 87 20 20 20 20 20 20 20 20 20 20 20 20 20 20 88 87 89 20 20 20 20 20 20 20 20 20 88 5C 4C 67 88 87 87 89 88 87 87 87 89 88 87 87 89 20 20 87 20 20 20 20 20 FA F1 F9 FC 20 20 20 20 FA FD F0 F3 20 20 20 20 20 20 20 20 20 20 20 20 20 20 20 20 20 20 88 87 89 20 20 20 20 20 20 20 20 20 48 38 3A 55 45 60 79 7D 20 20 20 20 20 20 20 20 20 88 87 89 20 20 20 20 20 20 20 20 20 20 20 20 20 20 20 20 20 20 20 20 73 21 3C 57 71 

0A 64 7F 20 20 20 B0 20 20 20 20 20 20 20 20 20 20 20 20 20 88 20 89 20 20 20 20 20 20 20 20 20 20 20 20 20 1C 37 25 6A 44 20 20 20 20 20 20 20 55 2F 30 41 52 33 44 55 28 36 45 62 5A 3B 42 3C 49 37 47 54 89 20 20 20 FC F6 F9 F3 FD F0 20 20 F6 F9 FC FF F2 F5 20 20 20 34 67 1D 45 18 6F 0A 20 20 20 20 20 20 20 5A 4A 24 13 20 20 20 20 20 20 20 20 53 43 5E 38 51 6B 06 76 20 20 20 20 20 20 20 20 20 0E 53 6E 0B 20 20 20 20 20 20 20 20 20 20 20 20 20 20 20 20 20 4A 39 29 44 09 61 51 

5E 79 7B 30 67 42 4C 56 20 20 A9 20 20 20 20 20 A9 20 20 20 34 56 28 54 20 20 20 20 20 A9 20 20 20 20 20 19 32 36 51 41 30 5E 20 20 A9 20 20 20 2C 6F 1E 39 54 6D 46 61 7C 6B 2F 09 24 69 57 31 56 28 33 17 45 20 20 A9 F2 FC F6 F9 F3 F6 F7 FA FA FD F0 F3 F6 F9 76 65 29 2E 1E 63 51 6D 47 62 20 20 20 20 20 A9 46 23 22 66 01 5B 20 20 A9 20 20 20 20 2C 1C 60 4F 6C 46 60 79 56 20 20 A9 20 20 20 20 16 54 59 1D 0C 20 20 20 20 20 A9 20 20 20 20 20 20 A9 20 20 20 1D 38 12 57 45 60 50 2A 

18 5F 7A 54 A0 A8 AA A8 A8 A8 A8 A8 AA A8 A8 A8 A8 A2 1B 36 26 54 43 33 A0 A8 A8 AA A8 A8 A8 A8 A2 39 11 2B 46 61 0F 53 6E 09 0D A0 AA A8 A8 A2 37 27 42 45 5F 4F 6A 04 5C 77 12 20 30 56 46 2E 40 A0 A8 A8 A8 A8 A2 7A 3F FA FD F5 F8 3F 2F FB FE FE F1 F4 F7 7C 7F 1A 35 7A 27 42 5D 4D 3B 6A A0 A8 A8 A8 A8 A8 A2 2C 1C 37 28 6B 45 A0 A8 A8 A2 08 23 67 56 30 A1 65 53 58 48 63 A0 A8 AA A8 A8 A8 A2 36 25 69 43 5E 23 A0 A8 A8 A8 A8 AA A8 A8 A8 A8 A8 A8 AA A2 53 6E 5E 21 3C 16 31 1F 64 

3E 59 1D 0C 66 01 A0 A8 A8 A8 A8 A8 A8 A8 A8 A2 74 0F 69 58 1C 37 11 56 44 A0 A8 A8 A8 A8 A8 A2 15 04 1F 79 13 2C 47 21 11 54 6F 0A A0 A8 A8 A2 0D 51 40 5B 35 4F 68 58 73 4D 10 00 1B 75 0E 28 45 1F A0 A8 A8 A8 A8 A2 18 33 F8 FB 40 30 4C 4F F1 F4 F4 F7 11 02 1D 4C 0F 2A 48 63 10 55 70 0B 0E A0 A8 A8 A8 A2 40 30 4B 4D 68 58 73 4B 65 00 1B 49 0D 28 43 08 35 50 6B 5B 08 78 13 03 A0 A8 A8 A2 45 48 38 53 43 70 60 7B 16 A0 A8 A8 A8 A8 A8 A8 A8 A8 A8 A2 63 7E 41 1B 0B 26 3F 43 33 4E 

3D 40 5B 76 3B 29 03 1E A0 A8 A8 A8 A8 A2 53 6E 5E 78 11 16 06 76 39 13 2E 49 A0 A8 A8 A8 A2 26 72 0D 27 41 1B 37 27 6A 5A 34 4F 68 A0 A8 A8 A2 2B 05 A8 65 53 6E 48 65 21 11 6B 06 1F 39 13 03 1D 36 51 A0 A8 A8 A2 53 6E 5C 21 7B 16 5B 4A 65 3F 59 72 0D 67 57 1A 0A 0F 7F 18 32 4D 27 16 5A 75 4F A0 A8 A2 39 13 56 46 61 3C 55 6F 5F 64 53 17 07 22 51 3F 2F 4A 24 12 57 72 4C 10 7F 1A A0 A2 27 42 32 0C 4F 6A 5A 5F 4D 67 02 A0 A8 A8 A8 A8 A8 A8 A2 56 47 0A 7A 15 05 08 22 3D 2D 06 4A 
