89 8A 87 88 89 8A 87 88 00 00 00 00 00 00 00 00 89 8A 87 88 89 8A 87 88 89 8A 87 88 89 8A 87 88 89 8A 87 88 89 8A 87 88 
83 84 85 86 83 84 85 86 00 00 00 00 00 00 00 00 83 84 85 86 83 84 85 86 83 84 85 86 83 84 85 86 83 84 85 86 83 84 85 86 
87 88 89 8A 87 88 89 8A 00 00 00 00 00 00 00 00 87 88 89 8A 87 88 89 8A 87 88 89 8A 87 88 89 8A 87 88 89 8A 87 88 89 8A 
85 86 83 84 85 86 83 84 00 00 00 00 00 00 00 00 85 86 83 84 85 86 83 84 85 86 83 84 85 86 83 84 85 86 83 84 85 86 83 84 
89 8A 87 88 89 8A 87 88 00 00 00 00 00 00 00 00 89 8A 87 88 89 8A 87 88 89 8A 87 88 89 8A 87 88 89 8A 87 88 89 8A 87 88 
83 84 85 86 83 84 85 86 00 00 00 00 00 00 00 00 23 23 23 23 23 23 23 23 00 00 00 00 00 00 00 00 26 27 24 25 26 27 24 25 
87 88 89 8A 87 88 89 8A 00 00 00 00 00 00 00 00 23 23 23 23 23 23 23 23 00 00 00 00 00 00 00 00 2A 2B 28 29 2A 2B 28 29 
85 86 83 84 85 86 83 84 00 00 00 00 00 00 00 00 23 23 23 23 23 23 23 23 00 00 00 00 00 00 00 00 2E 2F 2C 2D 2E 2F 2C 2D 
89 8A 87 88 89 8A 87 88 00 00 00 00 00 00 00 00 23 23 23 23 23 23 23 23 00 00 00 00 00 00 00 00 32 33 30 31 32 33 30 31 
83 84 85 86 83 84 85 86 00 00 00 00 00 00 00 00 1D 1D 1D 1D 1D 1D 1D 1D 00 00 00 00 00 00 00 00 26 27 24 25 26 27 24 25 
87 88 89 8A 87 88 89 8A 00 00 00 00 00 00 00 00 1B 1B 1B 1B 1B 1B 1B 1B 00 00 00 00 00 00 00 00 2A 2B 28 29 2A 2B 28 29 
85 86 83 84 85 86 83 84 00 00 00 00 00 00 00 00 1B 1B 1B 1B 1B 1B 1B 1B 00 00 00 00 00 00 00 00 2E 2F 2C 2D 2E 2F 2C 2D 
89 8A 87 88 89 8A 87 88 00 00 00 00 00 00 00 00 1B 1B 1B 1B 1B 1B 1B 1B 00 00 00 00 00 00 00 00 32 33 30 31 32 33 30 31 
83 84 85 86 83 84 85 86 26 27 24 25 26 27 24 25 26 27 24 25 26 27 24 25 00 00 00 00 00 00 00 00 26 27 24 25 26 27 24 25 
87 88 89 8A 87 88 89 8A 2A 2B 28 29 2A 2B 28 29 2A 2B 28 29 2A 2B 28 29 00 00 00 00 00 00 00 00 2A 2B 28 29 2A 2B 28 29 
85 86 83 84 85 86 83 84 2E 2F 2C 2D 2E 2F 2C 2D 2E 2F 2C 2D 2E 2F 2C 2D 00 00 00 00 00 00 00 00 2E 2F 2C 2D 2E 2F 2C 2D 
00 00 00 00 00 00 00 00 00 33 30 31 32 33 30 31 32 33 30 31 32 33 30 31 00 00 00 00 00 00 00 00 32 33 30 31 32 33 30 31 
02 02 02 02 02 02 02 02 00 27 24 25 26 27 24 25 26 27 24 25 26 27 24 25 00 00 00 00 00 00 00 00 26 27 24 25 26 27 24 25 
02 02 02 02 02 02 02 02 3F 3F 3F 3F 3F 3F 3F 3F 3F 3F 3F 3F 3F 3F 3F 3F 3F 3F 3F 3F 3F 3F 3F 3F 3F 3F 3F 3F 3F 3F 3F 3F 
02 02 02 02 02 02 02 02 00 00 00 00 00 00 00 53 43 3E 66 66 66 66 66 66 00 53 54 52 3E 6F 6E 40 00 41 49 52 3E 66 66 40 
02 02 02 02 02 02 02 02 00 00 00 00 00 00 00 00 00 00 00 00 00 00 00 00 00 00 00 00 00 00 00 00 00 00 00 00 00 00 00 00 
02 02 02 02 02 02 02 02 00 00 00 00 00 00 00 5E 5F 5F 5F 60 5E 5F 5F 5F 60 5E 5F 5F 5F 60 5E 5F 5F 5F 60 5E 5F 5F 5F 60 
02 02 02 02 02 02 02 02 00 00 00 00 00 66 00 61 00 00 00 62 61 00 00 00 62 61 00 00 00 62 61 00 00 00 62 61 00 00 00 62 
02 02 02 02 02 02 02 02 00 00 00 00 00 00 00 61 00 00 00 62 61 00 00 00 62 61 00 00 00 62 61 00 00 00 62 61 00 00 00 62 
02 02 02 02 02 02 02 02 00 00 00 00 00 00 00 63 64 64 64 65 63 64 64 64 65 63 64 64 64 65 63 64 64 64 65 63 64 64 64 65
