With 25 frames/s timings are:

Jump:			32 frames
2 steps:	16 frames
Blink:		16 frames

---

With 50 frames/s timings are:

Jump:			64 frames
2 steps:	32 frames
Blink:		32 frames

Jump:

Y = X * (80 - X) / 40

Height = (160/63^2) * Frame * (63 - Frame)

Frame		Height	Disp		Acc			Acc2		Acc3		[Disp]		[Acc]
0				0				0				0												0					0
1				2,5			2,5															3					0
2				4,9			2,4			4,9											2					5
3				7,3			2,4							7,3							2					0
4				9,5			2,2			4,6							9,5			2					5
5				11,7		2,2															2					0
6				13,8		2,1			4,3			6,5							2					4
7				15,8		2,0															2					0
8				17,7		1,9			3,9							8,2			2					4
9				19,6		1,9							5,8							2					0
10			21,4		1,8			3,7											2					4
11			23,1		1,7															2					0
12			24,7		1,6			3,3			5,1			7,0			2					3
13			26,2		1,5															2					0
14			27,7		1,5			3,0											2					3
15			29,0		1,3							4,3							1					0
16			30,3		1,3			2,6							5,6			1					3
17			31,5		1,2															1					0
18			32,7		1,2			2,4			3,7							1					2
19			33,7		1,0															1					0
20			34,7		1,0			2,0							4,4			1					2
21			35,6		0,9							2,9							1					0
22			36,4		0,8			1,7											1					2
23			37,1		0,7															1					0
24			37,7		0,6			1,3			2,1			3,0			1					1
25			38,3		0,6															1					0
26			38,8		0,5			1,1											1					1
27			39,2		0,4							1,5												0
28			39,5		0,3			0,7							1,8								1
29			39,7		0,2																				0
30			39,9		0,2			0,4			0,7												0
31			40,0		0,1																				0
32			40,0		0,0			0,1							0,5
33			39,9		-0,1
34			39,7		-0,2
35			39,5		-0,2
36			39,2		-0,3
37			38,8		-0,4
38			38,3		-0,5
39			37,7		-0,6
40			37,1		-0,6
41			36,4		-0,7
42			35,6		-0,8
43			34,7		-0,9
44			33,7		-1,0
45			32,7		-1,0
46			31,5		-1,2
47			30,3		-1,2
48			29,0		-1,3
49			27,7		-1,3
50			26,2		-1,5
51			24,7		-1,5
52			23,1		-1,6
53			21,4		-1,7
54			19,6		-1,8
55			17,7		-1,9
56			15,8		-1,9
57			13,8		-2,0
58			11,7		-2,1
59			9,5			-2,2
60			7,3			-2,2
61			4,9			-2,4
62			2,5			-2,4
63			0				-2,5
