4,4																							4,4																							4,4

			3,3																				4,3																				5,3

						2,2																	4,2																	6,2

									1,1														4,1														7,1
																																							*
												0,0											4,0											0,0
												*	*												*												*
															7,7								4,7								1,7

																		6,6					4,6					2,6

																					5,5		4,5		3,5

4,4		3,4		2,4		1,4		0,4		7,4		6,4		5,4		4,4		3,4		2,4		1,4		0,4		7,4		6,4		5,4		4,4

																					5,3		4,3		3,3

																		6,2					4,2					2,2

															7,1								4,1								1,1

												0,0											4,0											0,0
												*
									1,7														4,7														7,7
										*															*														* *
						2,6																	4,6																	6,6

			3,5																				4,5																				5,5

4,4																							4,4																							4,4




SCROLLS
        BYTE 3, 3,  2, 2,  1, 1,  0, 0,  7, 7,  6, 6,  5, 5,  4, 4    ; SCROLLIX = 0
        BYTE 4, 3,  4, 2,  4, 1,  4, 0,  4, 7,  4, 6,  4, 5,  4, 4    ; SCROLLIX = 1
        BYTE 6, 2,  7, 1,  0, 0,  1, 7,  2, 6,  3, 5,  4, 4,  5, 3    ; SCROLLIX = 2
        BYTE 3, 4,  2, 4,  1, 4,  0, 4,  7, 4,  6, 4,  5, 4,  4, 4    ; SCROLLIX = 3
        BYTE 4, 4,  4, 4,  4, 4,  4, 4,  4, 4,  4, 4,  4, 4,  4, 4    ; SCROLLIX = 4
        BYTE 5, 4,  6, 4,  7, 4,  0, 4,  1, 4,  2, 4,  3, 4,  4, 4    ; SCROLLIX = 5
        BYTE 2, 6,  1, 7,  0, 0,  7, 1,  6, 2,  5, 3,  4, 4,  3, 5    ; SCROLLIX = 6
        BYTE 4, 5,  4, 6,  4, 7,  4, 0,  4, 1,  4, 2,  4, 3,  4, 4    ; SCROLLIX = 7
        BYTE 5, 5,  6, 6,  7, 7,  0, 0,  1, 1,  2, 2,  3, 3,  4, 4    ; SCROLLIX = 8


Improved:

SCROLLS
        BYTE 3, 3,  2, 2,  1, 1,  0, 0,  7, 7,  6, 6,  5, 5,  4, 4    ; SCROLLIX = 0
        BYTE 4, 3,  4, 2,  4, 1,  4, 0,  4, 7,  4, 6,  4, 5,  4, 4    ; SCROLLIX = 1
        BYTE 4, 3,  5, 2,  6, 1,  7, 0,  0, 7,  1, 6,  2, 5,  3, 4    ; SCROLLIX = 2
        BYTE 3, 4,  2, 4,  1, 4,  0, 4,  7, 4,  6, 4,  5, 4,  4, 4    ; SCROLLIX = 3
        BYTE 4, 4,  4, 4,  4, 4,  4, 4,  4, 4,  4, 4,  4, 4,  4, 4    ; SCROLLIX = 4
        BYTE 5, 4,  6, 4,  7, 4,  0, 4,  1, 4,  2, 4,  3, 4,  4, 4    ; SCROLLIX = 5
        BYTE 3, 4,  2, 5,  1, 6,  0, 7,  7, 0,  6, 1,  5, 2,  4, 3    ; SCROLLIX = 6
        BYTE 4, 5,  4, 6,  4, 7,  4, 0,  4, 1,  4, 2,  4, 3,  4, 4    ; SCROLLIX = 7
        BYTE 5, 5,  6, 6,  7, 7,  0, 0,  1, 1,  2, 2,  3, 3,  4, 4    ; SCROLLIX = 8
