12 11 10 12 10 12 11 10 12 10 11 12 10 12 11 10 12 10 12 11 10 12 10 11 12 10 11 10 10 12 12 10 10 11 12 10 10 11 11 12 10 12 10 12 12 10 00 00 00 00 00 00 00 00 00 00 00 00 00 00 00 00 00 00 00 00 00 00 00 00 00 00 00 00 00 00 00 00 00 00 00 8E 00 00 8F 00 00 92 00 00 90 00 00 9F 00 00 88 00 00 89 00 00 3F 00 00 00 00 00 00 00 00 00 00 00 00 00 00 00 00 00 
12 12 10 10 11 11 12 12 10 12 10 11 12 10 11 10 12 10 12 11 10 12 10 12 11 12 10 11 12 10 12 11 10 12 10 11 12 10 12 11 10 12 10 11 12 10 00 00 00 00 00 00 00 00 00 00 00 00 00 00 00 00 00 00 00 00 00 00 00 00 00 00 00 00 00 00 00 00 00 00 00 40 45 45 40 45 45 40 45 45 40 45 45 40 45 45 40 45 45 40 45 45 00 00 00 00 00 00 00 00 00 00 00 00 00 00 00 00 00 00 
05 06 05 06 05 06 00 00 00 00 00 00 00 00 00 00 00 29 00 2A 00 2B 00 2C 00 29 00 00 00 00 05 06 05 06 05 06 05 00 00 00 00 00 00 00 00 00 00 00 00 00 00 00 00 00 00 00 00 00 00 00 00 00 00 00 00 00 00 00 00 00 00 00 00 00 00 00 00 00 00 40 00 43 43 43 43 43 43 43 43 43 43 43 43 43 43 43 43 43 43 43 43 43 43 43 43 00 00 00 00 00 00 00 00 00 00 00 00 00 00 00 
06 05 06 05 06 05 00 00 00 00 00 00 00 00 00 00 00 29 00 2A 00 2B 00 2C 00 29 00 90 00 00 06 05 37 39 06 05 06 00 00 00 00 00 00 00 00 00 00 00 00 00 00 00 00 00 00 00 00 00 00 00 00 00 00 00 00 00 00 00 00 00 00 00 00 00 00 00 00 00 00 00 40 00 00 60 00 00 00 00 00 00 00 87 00 00 84 00 00 00 82 00 00 00 00 00 00 00 00 00 00 00 00 00 00 00 00 00 00 00 00 00 
05 06 05 06 05 06 25 0A 0A 0A 0A 0A 0A 0A 4C 4D 0A 0A 0A 0A 0A 0A 0A 0A 0A 0A 0A 25 4C 00 05 06 38 3A 05 06 05 00 00 00 00 00 00 00 00 00 00 00 00 00 00 00 00 00 00 00 00 00 00 00 00 00 00 00 00 00 00 00 00 00 00 00 00 00 00 00 00 00 00 00 00 40 00 40 00 40 00 40 00 40 00 40 00 00 40 00 00 00 40 40 40 40 25 40 40 00 00 00 00 00 00 00 00 00 00 00 00 00 00 00 
06 05 06 05 06 05 25 00 60 00 00 06 05 00 00 00 00 00 02 00 00 00 00 00 00 00 00 25 00 00 06 05 06 05 06 05 06 00 00 00 00 00 00 00 00 00 00 00 00 00 00 00 00 00 00 00 00 00 00 00 00 00 00 00 00 00 00 00 00 00 00 00 00 00 00 00 00 00 00 00 00 98 40 00 40 98 40 00 40 98 40 00 00 00 00 40 40 40 00 00 00 22 25 24 00 00 00 00 00 00 00 00 00 00 00 00 00 00 00 00 
05 06 05 06 05 06 25 8D 8E 00 00 05 06 00 00 00 00 00 02 00 00 00 00 00 00 00 00 25 00 00 05 06 37 39 05 06 05 00 00 00 00 00 00 00 00 00 00 00 00 00 00 00 00 00 00 00 00 00 00 00 00 00 00 00 00 00 00 00 00 00 00 00 00 00 44 00 00 00 00 00 00 00 00 00 00 00 00 00 00 00 00 00 00 00 00 00 00 00 00 00 22 21 25 3C 00 00 00 00 00 00 00 00 00 00 00 00 00 00 00 00 
06 05 06 05 06 05 07 08 08 09 25 07 09 00 00 00 00 00 02 00 00 00 00 00 00 00 00 25 00 00 06 05 38 3A 06 05 06 00 00 00 00 00 00 00 00 00 00 00 00 00 00 00 00 00 00 00 00 00 00 00 00 00 00 00 00 00 00 00 00 00 00 00 00 22 21 27 27 27 27 27 27 27 27 27 27 27 27 27 27 27 27 27 27 27 27 27 27 27 27 27 21 21 25 24 00 00 00 00 00 00 00 00 00 00 00 00 00 00 00 00 
05 06 05 06 05 06 00 00 00 00 25 96 00 00 00 00 00 00 02 00 96 00 00 00 00 96 00 25 00 00 05 06 05 06 05 06 05 00 00 00 00 00 00 00 00 00 00 00 00 00 00 00 00 00 00 00 00 00 00 00 00 00 00 00 00 00 00 00 00 00 00 00 22 21 21 21 21 21 21 21 21 21 21 21 21 21 21 21 21 21 21 21 21 21 21 21 21 21 21 21 21 21 25 3C 00 00 00 00 00 00 00 00 00 00 00 00 00 00 00 00 
06 05 06 05 06 05 25 09 29 07 08 09 00 00 00 00 00 00 02 00 07 25 07 09 25 09 00 25 00 00 29 2A 2B 2C 06 05 06 00 00 00 00 00 00 00 00 00 00 00 00 00 00 00 00 00 00 00 00 00 00 00 00 00 00 00 00 00 00 00 00 00 00 00 3B 21 21 21 21 21 21 21 3C 3B 21 21 21 21 21 21 21 21 21 21 21 21 21 21 21 21 3C 3B 21 21 25 24 00 00 00 00 00 00 00 00 00 00 00 00 00 00 00 00 
05 06 05 06 05 06 25 44 29 60 00 00 00 00 00 00 00 00 02 00 00 25 00 00 25 00 00 25 96 00 29 2A 2B 2C 05 06 05 00 00 00 00 00 00 00 00 00 00 00 00 00 00 00 00 00 00 00 00 00 00 00 00 00 00 00 00 00 00 00 00 00 00 00 00 3B 21 21 21 21 21 3C 00 98 3B 21 21 21 21 21 3C 3B 3C 3B 21 21 21 3C 3B 3C 00 00 3B 3C 25 3C 00 00 00 00 00 00 00 00 00 00 00 00 00 00 00 00 
06 05 06 05 06 05 0A 0A 0A 0A 0A 0A 25 4C 00 00 00 00 02 00 00 25 00 00 07 08 08 08 09 00 29 2A 2B 2C 8F 05 06 00 00 00 00 00 00 00 00 00 00 00 00 00 00 00 00 00 00 00 00 00 00 00 00 00 00 00 00 00 00 00 00 00 00 00 00 4E 3B 3C 3B 21 3C 00 00 00 00 3B 21 21 21 3C 00 00 00 00 3B 21 3C 00 00 00 00 98 00 3F 22 24 00 00 00 00 00 00 00 00 00 00 00 00 00 00 00 00 
05 06 05 06 05 06 05 06 00 00 00 00 25 00 00 00 00 00 02 00 60 25 00 00 00 00 00 00 07 25 07 08 08 09 25 06 05 00 00 00 00 00 00 00 00 00 00 00 00 00 00 00 00 00 00 00 00 00 00 00 00 00 00 00 00 00 00 00 00 22 24 00 00 4E 8A 00 93 93 00 00 99 00 00 00 2A 2A 2A 00 00 93 00 00 99 29 99 60 99 3E 3E 3E 40 22 21 21 24 00 00 00 00 00 00 00 00 00 00 00 00 00 00 00 
06 05 06 05 06 05 06 05 00 00 4D 0A 0A 0A 25 4C 00 00 02 00 00 25 00 00 00 00 00 00 00 25 00 00 00 00 25 05 06 00 00 00 00 00 00 00 00 00 00 00 00 00 00 00 00 00 00 00 00 00 00 00 00 00 00 00 00 00 00 00 00 3B 21 24 00 40 40 40 40 40 00 00 40 40 00 00 40 40 40 00 00 40 44 44 40 40 40 44 40 44 22 21 21 21 21 21 3C 00 00 00 00 00 00 00 00 00 00 00 00 00 00 00 
05 06 05 06 05 06 05 06 95 00 00 00 00 00 25 00 00 82 02 00 07 08 08 08 08 08 08 08 08 09 00 86 00 00 25 06 05 00 00 00 00 00 00 00 00 00 00 00 00 00 00 00 00 00 00 00 00 00 00 00 00 00 00 00 00 00 00 00 00 00 3B 21 24 22 21 21 21 24 44 44 22 24 44 44 22 21 24 44 44 22 21 21 21 21 21 21 21 21 21 21 21 21 21 3C 00 00 00 00 00 00 00 00 00 00 00 00 00 00 00 00 
06 05 06 05 06 05 06 05 00 00 00 00 4D 0A 0A 0A 0A 0A 0A 4C 00 00 00 00 00 00 00 00 00 00 00 2D 2D 2D 25 05 06 00 00 00 00 00 00 00 00 00 00 00 00 00 00 00 00 00 00 00 00 00 00 00 00 00 00 00 00 00 00 00 00 00 00 3B 3C 3B 3C 3B 3C 3B 3C 3B 3C 3B 3C 3B 3C 3B 3C 3B 3C 3B 3C 3B 3C 3B 3C 3B 3C 3B 3C 3B 3C 3B 3C 00 00 00 00 00 00 00 00 00 00 00 00 00 00 00 00 00 
05 06 05 06 05 06 21 21 21 21 24 00 00 00 00 00 00 00 00 00 00 00 00 00 00 00 00 00 00 00 22 21 21 16 25 16 05 00 00 00 00 00 00 00 00 00 00 00 00 00 00 00 00 00 00 00 00 00 00 00 00 00 00 00 00 00 0E 27 27 27 27 27 27 27 27 27 27 27 27 27 27 27 27 27 27 27 27 27 27 27 27 27 27 27 27 27 27 27 27 27 27 27 27 27 27 27 27 27 0E 00 00 00 00 00 00 00 00 00 00 00 
06 05 06 05 06 05 21 21 21 21 21 24 00 00 00 00 00 00 00 00 00 00 00 00 00 00 00 00 00 00 3B 21 21 16 25 16 06 00 00 00 00 00 00 00 00 00 00 00 00 00 00 00 00 00 00 00 00 00 00 00 00 00 00 00 00 00 0F 28 28 28 28 28 28 28 28 28 28 28 28 28 28 28 28 28 28 28 28 28 28 28 28 28 28 28 28 28 28 28 28 28 28 28 28 28 28 28 28 28 0F 00 00 00 00 00 00 00 00 00 00 00 
05 06 05 06 05 06 21 21 21 21 21 3C 00 00 00 00 00 00 00 00 00 00 00 00 00 00 00 00 00 00 00 3B 21 16 25 16 05 00 00 00 00 00 00 00 00 00 00 00 00 00 00 00 00 00 00 00 00 00 00 00 00 00 00 00 00 00 0E 16 16 16 16 16 16 16 16 16 16 16 16 16 16 16 16 16 16 16 16 16 16 16 16 16 16 16 16 16 16 16 16 16 16 16 16 16 16 16 16 16 0E 00 00 00 00 00 00 00 00 00 00 00 
06 05 06 05 06 05 21 21 21 21 3C 44 00 44 00 44 00 44 00 44 00 44 00 44 00 44 00 44 95 44 00 22 21 16 25 16 06 00 00 00 00 00 00 00 00 00 00 00 00 00 00 00 00 00 00 00 00 00 00 00 00 00 00 00 00 00 00 00 00 00 00 00 00 00 00 00 00 00 00 00 00 00 00 00 00 3B 21 21 21 21 21 21 21 21 21 21 21 21 21 21 21 21 21 21 21 21 21 21 3C 00 00 00 00 00 00 00 00 00 00 00 
05 06 05 06 05 06 21 21 21 21 27 21 27 21 27 21 27 21 27 21 27 21 27 21 27 21 27 21 27 21 27 21 21 16 25 16 05 00 00 00 00 00 00 00 00 00 00 00 00 00 00 00 00 00 00 00 00 00 00 00 00 00 00 00 00 00 00 00 00 00 00 00 00 00 00 00 00 00 00 00 00 00 00 00 00 00 3B 21 21 21 21 3C 3B 21 21 3C 3B 3C 3B 21 21 21 21 3C 00 3B 21 3C 00 00 00 00 00 00 00 00 00 00 00 00 
06 05 06 05 06 05 21 21 21 21 21 21 21 21 21 21 21 21 21 21 21 21 21 21 21 21 21 21 21 21 21 21 21 16 25 16 06 00 00 00 00 00 00 00 00 00 00 00 00 00 00 00 00 00 00 00 00 00 00 00 00 00 00 00 00 00 00 00 00 00 00 00 00 00 00 00 00 00 00 00 00 00 00 00 00 00 22 21 21 21 3C 00 00 3B 3C 00 00 00 00 3B 3C 3B 3C 00 00 00 3B 24 00 00 00 00 00 00 00 00 00 00 00 00 
05 06 05 06 05 06 21 21 21 21 21 21 21 21 21 21 21 21 21 21 21 21 21 21 21 21 21 21 21 21 21 21 21 16 25 16 05 00 00 00 00 00 00 00 00 00 00 00 00 00 00 00 00 00 00 00 00 00 00 00 00 00 00 00 00 00 00 00 00 00 00 00 00 00 00 00 00 00 00 00 00 00 00 00 00 22 21 21 21 21 24 00 00 00 00 00 89 00 00 95 00 00 00 00 00 00 00 3B 24 00 00 00 00 00 00 00 00 00 00 00 
06 05 06 05 06 05 43 43 43 43 43 43 43 43 43 43 43 43 43 43 43 43 43 43 43 43 43 43 43 02 43 3B 21 16 25 16 05 00 00 00 00 00 00 00 00 00 00 00 00 00 00 00 00 00 00 00 00 00 00 00 00 00 00 00 00 00 00 00 00 00 00 00 00 00 00 00 00 00 00 00 00 00 00 00 00 3B 21 21 21 21 3C 00 00 00 00 00 3F 3F 40 40 00 00 40 40 40 40 00 00 3B 24 00 00 00 00 00 00 00 00 00 00 
05 06 05 06 05 06 00 00 00 00 00 00 00 00 00 00 00 00 00 00 00 00 00 00 00 00 00 00 00 02 00 00 05 06 25 05 06 00 00 00 00 00 00 00 00 00 00 00 00 00 00 00 00 00 00 00 00 00 00 00 00 00 00 00 00 00 00 00 00 00 00 00 00 00 00 00 00 00 00 00 00 00 00 00 00 22 21 21 21 3C 00 00 00 00 00 00 3F 00 00 00 00 00 00 98 00 8F 40 00 22 3C 00 00 00 00 00 00 00 00 00 00 
06 05 06 05 06 05 00 00 00 00 60 8E 00 00 00 00 00 00 00 00 00 00 00 00 00 00 00 00 00 02 00 00 06 05 25 06 05 06 05 06 00 00 00 00 00 00 00 00 00 00 00 00 00 00 00 00 00 00 00 00 00 00 00 00 00 00 00 00 00 00 00 00 00 00 00 00 00 00 00 00 00 00 00 00 22 21 21 21 21 00 00 3E 2D 00 00 00 3F 00 98 00 00 3F 00 3E 3E 3E 00 22 3C 00 00 00 00 00 00 00 00 00 00 00 
05 06 05 06 05 06 00 00 00 00 00 3F 00 3F 00 00 00 00 00 00 00 00 00 00 00 00 00 00 00 02 00 00 05 06 25 05 06 05 06 05 00 00 00 00 00 00 00 00 00 00 00 00 00 00 00 00 00 00 00 00 00 00 00 00 00 00 00 00 00 00 00 00 00 00 00 00 00 00 00 00 00 00 00 22 21 21 21 21 3C 00 00 00 36 00 00 00 3F 00 00 00 3E 00 00 00 00 00 22 3C 00 00 00 00 00 00 00 00 00 00 00 00 
06 05 37 39 06 05 00 00 00 3E 00 00 00 3F 40 00 00 00 00 00 60 00 85 00 00 00 00 00 00 02 00 00 06 05 25 06 05 06 05 06 00 00 00 00 00 00 00 00 00 00 00 00 00 00 00 00 00 00 00 00 00 00 00 00 00 00 00 00 00 00 00 00 00 00 00 00 00 00 00 00 00 00 00 3B 21 21 21 3C 00 00 00 00 36 00 00 3E 2D 00 00 40 00 00 00 00 00 22 3C 00 00 00 00 00 00 00 00 00 00 00 00 00 
05 06 38 3A 05 06 00 00 3E 00 95 00 00 00 40 00 00 00 94 60 8F 00 3F 60 00 94 00 00 00 02 00 00 05 06 25 05 98 00 98 05 00 00 00 00 00 00 00 00 00 00 00 00 00 00 00 00 00 00 00 00 00 00 00 00 00 00 00 00 00 00 00 00 00 00 00 00 00 00 00 00 00 00 00 22 21 3C 00 00 3F 3F 2D 00 36 00 2D 00 36 00 2D 00 00 00 00 00 22 21 24 00 00 00 00 00 00 00 00 00 00 00 00 00 
06 05 06 05 06 05 3E 3E 3E 60 00 00 00 00 00 40 3F 00 00 3F 40 40 00 00 00 00 00 00 00 02 00 00 06 05 25 06 00 92 00 06 00 00 00 00 00 00 00 00 00 00 00 00 00 00 00 00 00 00 00 00 00 00 00 00 00 00 00 00 00 00 00 00 00 00 00 00 00 00 00 00 00 00 22 21 3C 00 00 3F 00 00 36 00 36 00 36 00 36 00 36 8A 00 00 00 00 3B 21 3C 00 00 00 00 00 00 00 00 00 00 00 00 00 
05 06 05 06 05 06 3E 00 00 94 00 00 98 00 00 00 00 00 95 00 00 00 81 3F 00 95 00 00 00 02 00 00 05 06 25 05 3F 25 3F 05 00 00 00 00 00 00 00 00 00 00 00 00 00 00 00 00 00 00 00 00 00 00 00 00 00 00 00 00 00 00 00 00 00 22 24 00 00 00 00 00 00 00 3B 21 24 3F 00 3F 00 00 36 00 36 00 36 00 36 00 36 60 00 00 00 00 22 21 24 00 00 00 00 00 00 00 00 00 00 00 00 00 
06 05 37 39 06 05 00 40 44 44 44 44 44 44 44 44 44 44 44 44 44 44 44 44 96 00 00 00 00 02 00 00 3B 05 25 06 05 25 05 06 00 00 00 00 00 00 00 00 00 00 00 00 00 00 00 00 00 00 00 00 00 00 00 00 00 00 00 00 00 00 00 00 22 21 21 24 00 00 22 24 00 00 22 21 21 00 3F 00 00 00 36 9C 36 00 36 9C 36 00 36 00 00 00 00 00 3B 21 3C 00 00 00 00 00 00 00 00 00 00 00 00 00 
05 06 38 3A 05 06 25 0A 0A 0A 0A 0A 0A 0A 0A 0A 0A 0A 0A 0A 0A 0A 0A 0A 0A 4C 00 00 00 02 9F 00 00 00 25 00 06 25 06 00 00 00 00 00 00 00 00 00 00 00 00 00 00 00 00 00 00 00 00 00 00 00 00 00 00 00 00 00 00 00 00 00 3B 21 21 21 24 22 3C 3B 24 22 21 21 21 25 21 27 27 27 27 27 27 27 27 27 27 27 27 27 27 27 27 24 00 3B 24 00 00 00 00 00 00 00 00 00 00 00 00 00 
06 05 06 05 06 05 25 29 00 29 00 29 00 29 00 05 06 05 06 05 06 00 00 00 00 07 09 29 07 08 08 09 00 07 09 25 05 25 05 00 00 00 00 00 00 00 00 00 00 00 00 00 00 00 00 00 00 00 00 00 00 00 00 00 00 00 00 00 00 00 00 00 00 3B 21 3C 3B 3C 00 00 3B 3C 3B 21 3C 25 3B 3C 3B 21 21 3C 3B 3C 3B 21 21 3C 3B 21 21 21 21 21 24 22 21 24 00 00 00 00 00 00 00 00 00 00 00 00 
05 06 05 06 05 06 25 29 00 29 00 29 00 29 00 06 98 98 00 00 05 84 00 00 00 85 00 29 00 00 00 00 00 00 00 25 06 25 06 00 00 00 00 00 00 00 00 00 00 00 00 00 00 00 00 00 00 00 00 00 00 00 00 00 00 00 00 00 00 00 00 00 00 22 3C 00 00 00 00 00 00 00 98 00 00 25 00 98 00 3B 3C 00 87 00 00 3B 3C 00 00 3B 3C 3B 21 21 21 21 21 21 24 00 00 00 00 00 00 00 00 00 00 00 
06 05 37 39 06 05 25 29 00 29 00 29 00 29 25 2D 00 00 00 98 06 09 25 07 08 08 08 09 00 00 00 00 00 00 00 25 05 25 05 00 00 00 00 00 00 00 00 00 00 00 00 00 00 00 00 00 00 00 00 00 00 00 00 00 00 00 00 00 00 00 00 00 22 3C 00 98 00 00 00 00 00 3F 00 3F 00 25 00 00 00 98 00 00 00 00 00 00 00 95 00 00 00 00 3B 3C 3B 21 21 21 21 24 00 00 00 00 00 00 00 00 00 00 
05 06 38 3A 05 06 09 45 45 45 45 45 45 45 25 05 3F 87 00 98 05 00 25 00 2B 00 00 00 8D 8E 00 60 8A 00 00 25 06 25 06 00 00 00 00 00 00 00 00 00 00 00 00 00 00 00 00 00 00 00 00 00 00 00 00 00 00 00 00 00 00 00 00 22 3C 00 00 00 00 00 95 00 3F 00 44 44 3F 3F 3F 3F 00 44 3F 40 40 00 00 40 40 00 40 40 00 3F 3F 3F 00 3B 3C 3B 21 21 24 00 00 00 00 00 00 00 00 00 
06 05 06 05 06 05 00 00 20 20 00 00 00 00 25 06 3F 3F 3F 3F 06 00 25 00 2B 07 25 07 08 08 09 60 00 00 00 25 00 25 05 00 00 00 00 00 00 00 00 00 00 00 00 00 00 00 00 00 00 00 00 00 00 00 00 00 00 00 00 00 00 00 00 3B 24 00 40 40 00 40 40 40 00 44 21 21 24 44 22 24 22 21 24 22 24 44 44 22 24 25 22 24 44 44 22 24 3F 00 82 00 3B 21 21 24 00 00 00 00 00 00 00 00 
05 06 05 06 05 06 25 09 45 45 07 09 45 45 25 05 06 05 06 05 05 00 25 60 2B 44 25 00 00 00 00 00 00 00 00 25 07 09 06 00 00 00 00 00 00 00 00 00 00 00 00 00 00 00 00 00 00 00 00 00 00 00 00 00 00 00 00 00 00 00 00 00 3B 24 00 40 00 00 00 00 44 21 21 21 21 21 21 21 21 3C 3B 21 21 21 21 3C 3B 25 3C 3B 21 21 3C 3B 24 3F 00 3F 00 3B 21 21 24 00 00 00 00 00 00 00 
06 05 37 39 06 05 25 00 00 00 00 00 00 93 25 07 08 08 08 08 08 08 08 08 08 08 08 09 00 00 00 00 00 00 00 25 2D 2D 05 00 00 00 00 00 00 00 00 00 00 00 00 00 00 00 00 00 00 00 00 00 00 00 00 00 00 00 00 00 00 00 00 00 22 3C 98 00 40 00 00 22 21 21 21 21 3C 3B 3C 3B 3C 00 00 3B 3C 3B 3C 00 00 25 00 00 3B 3C 00 00 3B 24 22 24 3F 00 3B 21 21 24 00 00 00 00 00 00 
05 06 38 3A 05 06 25 00 00 00 00 00 00 93 25 00 00 00 00 81 00 00 00 00 00 00 00 00 00 00 00 00 00 00 00 25 48 48 06 00 00 00 00 00 00 00 00 00 00 00 00 00 00 00 00 00 00 00 00 00 00 00 00 00 00 00 00 00 00 00 00 00 3B 24 92 00 00 40 00 3B 21 21 21 3C 00 00 00 00 00 00 00 00 00 00 00 00 00 25 00 00 00 00 00 98 00 3B 21 21 24 3F 00 3B 21 21 24 00 00 00 00 00 
06 05 06 05 06 05 25 00 00 00 00 00 00 07 08 08 09 25 07 09 00 00 00 00 00 00 00 00 00 00 00 00 00 00 00 25 48 48 05 00 00 00 00 00 00 00 00 00 00 00 00 00 00 00 00 00 00 00 00 00 00 00 00 00 00 00 00 00 00 00 00 00 22 3C 07 25 08 09 00 22 21 21 3C 00 00 8E 00 8C 00 00 8D 00 00 00 00 90 00 25 00 00 8C 00 00 00 00 22 21 21 3C 00 3F 00 3B 21 3C 00 00 00 00 00 
05 06 05 06 05 06 25 00 00 00 00 00 00 00 00 00 00 25 00 00 00 00 00 00 00 00 00 00 00 00 00 00 00 00 00 25 48 48 06 00 00 00 00 00 00 00 00 00 00 00 00 00 00 00 00 00 00 00 00 00 00 00 00 00 00 00 00 00 00 00 00 22 21 24 00 25 00 00 22 21 21 21 24 00 00 40 00 40 00 00 40 00 40 00 00 40 40 40 40 00 40 40 00 00 22 21 21 3C 00 95 00 00 22 3C 00 00 00 00 00 00 
06 05 37 39 06 05 25 00 00 00 00 00 00 00 00 00 00 25 00 00 00 00 00 00 00 00 00 00 00 00 00 00 00 00 00 25 48 48 05 00 00 00 00 00 00 00 00 00 00 00 00 00 00 00 00 00 00 00 00 00 00 00 00 00 00 00 00 00 00 00 22 21 21 21 24 25 00 00 3B 21 21 21 3C 00 00 00 00 00 98 00 00 00 00 00 00 00 00 00 00 00 00 00 00 00 3B 21 21 24 00 3F 00 00 3B 24 00 00 00 00 00 00 
05 06 38 3A 05 06 45 00 94 00 00 00 00 00 60 00 00 25 00 00 00 00 00 95 00 00 00 94 00 00 00 95 00 00 00 25 48 48 06 00 00 00 00 00 00 00 00 00 00 00 00 00 00 00 00 00 00 00 00 00 00 00 00 00 00 00 00 00 00 00 3B 21 21 21 3C 25 00 00 22 21 21 3C 00 00 00 00 00 00 00 00 00 00 00 00 00 00 00 00 00 00 00 00 00 00 22 21 21 3C 3F 00 00 94 22 3C 00 00 00 00 00 00 
06 05 06 05 06 05 88 00 00 00 00 00 00 00 89 00 00 25 00 00 00 8C 00 00 8D 00 81 00 00 60 00 00 00 00 00 25 48 48 05 00 00 00 00 00 00 00 00 00 00 00 00 00 00 00 00 00 00 00 00 00 00 00 00 00 00 00 00 00 00 00 00 3B 21 3C 00 25 00 00 3B 21 21 27 27 27 27 27 27 27 27 27 27 27 27 27 27 27 27 27 27 27 27 27 27 27 21 21 3C 00 00 3F 00 00 3B 24 00 00 00 00 00 00 
05 06 05 06 05 06 9B 00 00 00 00 00 00 07 08 09 00 00 00 07 08 09 45 45 07 08 09 45 45 07 08 09 45 45 07 08 08 09 06 00 00 00 00 00 00 00 00 00 00 00 00 00 00 00 00 00 00 00 00 00 00 00 00 00 00 00 00 00 00 00 00 22 21 24 00 25 00 00 22 21 21 21 21 21 21 21 21 21 21 21 21 21 21 21 21 21 21 21 21 21 21 21 21 21 21 21 24 00 00 00 3F 00 22 21 24 00 00 00 00 00 
06 05 06 05 06 05 27 27 27 27 27 27 27 27 27 27 27 27 27 27 27 27 27 27 27 27 27 27 27 27 27 27 27 27 27 27 05 06 05 00 00 00 00 00 00 00 00 00 00 00 00 00 00 00 00 00 00 00 00 00 00 00 00 00 00 00 00 00 00 00 00 3B 21 21 24 07 25 09 3B 21 21 21 21 21 21 21 21 21 21 21 21 21 21 21 21 21 21 21 21 21 21 21 21 21 21 21 21 24 00 3F 00 00 3B 21 21 24 00 00 00 00 
05 06 05 06 05 06 28 28 28 28 28 28 28 28 28 28 28 28 28 28 28 28 28 28 28 28 28 28 28 28 28 28 28 28 28 28 06 05 06 00 00 89 00 00 00 00 00 00 00 00 00 00 00 00 00 00 00 00 00 00 00 00 00 00 00 00 00 00 00 00 00 00 3B 21 3C 00 25 00 00 3B 3C 3B 21 21 21 21 21 21 21 3C 00 00 3B 21 21 21 21 21 21 21 21 21 21 21 21 21 21 3C 3F 00 98 00 22 21 21 3C 00 00 00 00 
0F 0E 0F 0E 0F 0E 0F 0E 0F 0E 0F 0E 0F 0E 0F 0E 0F 0E 0F 0E 0F 0E 0F 0E 0F 0E 0F 0E 0F 0E 0F 0E 0F 0E 0F 0E 05 06 05 94 00 3F 00 00 00 00 00 00 00 00 00 00 00 00 00 00 00 00 00 00 00 00 00 00 00 00 00 00 00 00 00 00 00 3B 24 00 25 00 00 00 00 00 3B 21 21 3C 3B 21 3C 00 98 00 00 3B 21 3C 3B 21 3C 3B 3C 3B 21 21 21 21 3C 00 00 3F 00 22 21 21 3C 00 00 00 00 00 
00 00 00 00 00 00 0F 0E 0F 05 06 05 06 05 06 05 06 05 06 05 06 05 06 05 06 05 06 05 06 05 06 05 06 05 06 05 06 05 06 00 3E 00 3E 00 00 00 00 00 00 00 00 00 00 00 00 05 06 00 00 00 00 00 00 00 00 00 00 00 00 00 00 00 00 22 21 24 25 00 9F 00 00 00 00 00 00 00 00 93 00 00 00 00 00 00 00 00 00 00 00 00 00 00 3B 21 21 3C 00 00 3F 00 22 21 21 3C 00 00 00 00 00 00 
00 00 00 00 00 00 0E 0F 0E 06 05 06 00 06 60 06 98 06 98 06 00 06 00 06 0E 98 00 98 0E 00 00 00 00 00 00 00 00 00 00 3E 00 98 00 3E 00 00 00 00 00 00 00 00 00 00 00 06 05 00 00 00 00 00 00 00 00 00 00 00 00 00 00 00 00 3B 21 3C 08 25 09 00 00 00 00 00 00 2E 07 08 09 00 00 00 00 00 00 00 00 00 00 00 95 84 00 21 3C 98 00 3F 00 00 3B 21 3C 00 00 00 00 00 00 00 
00 00 00 00 00 00 0F 0E 0F 05 06 05 00 46 00 46 00 21 00 46 00 46 00 92 0F 00 00 00 0F 00 3E 3E 3E 3E 3F 00 00 00 00 00 3E 3F 00 00 3E 00 00 00 00 00 00 00 00 00 00 05 06 00 00 00 00 00 00 00 00 00 00 00 00 00 00 00 00 22 3C 00 00 25 8C 00 00 00 00 00 00 2E 00 00 00 07 09 00 00 07 09 00 00 00 98 07 08 09 22 3C 00 00 88 00 3F 00 22 3C 00 00 00 00 00 00 00 00 
00 00 00 00 00 00 0E 0F 0E 06 05 06 25 0A 0A 0A 0A 0A 0A 0A 0A 25 0A 0A 0E 00 00 00 0E 40 3E 00 98 00 00 3F 00 95 00 00 00 3F 00 00 00 3E 95 00 00 00 00 00 00 00 00 06 05 00 00 00 00 00 00 00 00 00 00 00 00 00 00 00 00 3B 24 22 24 07 08 08 09 00 00 07 08 09 00 00 00 00 00 00 00 00 00 00 07 08 09 00 00 22 21 00 3F 95 00 3F 00 22 3C 00 00 00 00 00 00 00 00 00 
00 00 00 00 00 00 0F 0E 0F 05 06 05 25 00 00 05 60 60 60 60 60 25 00 00 0F 00 82 00 0F 40 3E 00 00 00 00 00 3F 00 00 00 3F 00 00 00 00 00 3E 00 00 00 94 8A 00 00 00 05 06 00 00 00 00 00 00 00 00 00 00 00 00 00 00 00 00 00 3B 21 3C 00 44 44 44 44 44 44 44 44 44 44 44 44 44 44 44 44 44 44 44 44 44 44 22 21 21 24 00 3F 22 24 22 3C 00 00 00 00 00 00 00 00 00 00 
00 00 00 00 00 00 0E 0F 0E 06 05 06 25 9F 00 06 93 60 60 93 00 25 00 4D 0A 0A 25 0A 0A 40 3F 00 00 00 00 3F 00 00 00 00 00 3F 00 00 00 98 00 3E 3E 00 00 3E 3E 00 00 06 05 00 00 00 00 00 00 00 00 00 00 00 00 00 00 00 00 00 00 3B 24 22 21 21 21 21 3C 3B 3C 3B 21 21 3C 3B 3C 3B 21 21 21 21 3C 3B 3C 3B 21 21 21 21 24 22 21 21 3C 00 00 00 00 00 00 00 00 00 00 00 
00 00 00 00 00 00 0F 0E 0F 05 06 05 07 09 25 05 25 07 09 25 07 08 08 08 09 0E 25 0E 84 00 00 3F 00 00 00 00 3F 00 98 00 00 00 3F 00 00 00 00 00 00 00 95 00 00 40 00 05 06 00 00 00 00 00 00 00 00 00 00 00 00 00 00 00 00 00 00 00 3B 3C 3B 3C 3B 3C 00 00 00 00 3B 3C 00 00 00 00 3B 3C 3B 3C 00 00 00 00 3B 3C 3B 3C 3B 21 21 3C 00 00 00 00 00 00 00 00 00 00 00 00 
00 00 00 00 00 00 0E 0F 0E 06 05 06 00 00 25 06 25 00 00 25 00 00 00 00 00 0F 25 0F 00 00 3F 00 95 00 00 3F 00 00 00 00 3F 00 3F 00 00 00 00 00 00 00 00 00 00 00 40 06 05 00 00 00 00 00 00 00 00 00 00 00 00 00 00 00 00 00 00 00 00 00 00 00 00 00 00 00 00 00 00 00 00 00 00 00 00 00 00 00 00 00 00 00 00 00 00 00 00 3B 3C 00 00 00 00 00 00 00 00 00 00 00 00 00 
00 05 06 05 06 05 06 05 06 05 06 05 00 00 00 05 25 07 08 09 00 00 00 4D 0A 0A 25 0A 0A 4C 00 00 00 00 00 00 3F 3F 3E 40 00 00 00 00 00 00 00 00 00 00 00 00 00 00 25 05 06 00 00 00 00 00 00 48 48 0F 27 27 27 27 27 27 27 27 27 27 27 27 27 27 27 27 27 27 27 27 27 27 27 27 27 27 27 27 27 27 27 27 27 27 27 27 27 27 27 27 27 27 27 27 27 27 27 27 27 27 27 27 27 27 
00 37 39 06 37 39 05 00 00 00 00 00 00 00 00 06 25 00 00 86 00 00 00 00 0F 98 25 98 0F 27 27 27 27 27 27 27 27 27 27 27 27 27 27 27 27 27 27 27 27 27 27 27 27 27 25 06 05 00 00 00 00 00 00 48 48 0E 0F 0E 0F 0E 0F 0E 0F 0E 0F 0E 0F 0E 0F 0E 0F 0E 0F 0E 0F 0E 0F 0E 0F 0E 0F 0E 0F 0E 0F 0E 0F 0E 0F 0E 0F 0E 0F 0E 0F 0E 0F 0E 0F 0E 0F 0E 0F 0E 0F 0E 0F 0E 0F 0E 
00 38 3A 05 38 3A 06 00 00 00 00 00 00 00 00 05 25 00 00 00 00 00 00 00 0F 00 25 00 0F 0A 0A 0A 0A 0A 0A 0A 0A 0A 0A 0A 0A 0A 0A 0A 0A 0A 0A 0A 0A 0A 0A 0A 0A 0A 25 05 06 00 00 00 00 00 00 48 48 48 00 00 00 2A 29 2A 00 2C 2C 93 93 93 00 00 00 00 00 00 00 00 00 00 00 00 00 00 00 00 98 84 00 18 00 00 00 00 00 00 00 00 00 00 00 00 00 00 00 00 00 00 00 00 00 00 
00 06 05 06 05 06 05 00 00 00 00 00 00 00 00 06 25 0A 0A 0A 0A 0A 0A 0A 0A 0A 25 0A 0A 0A 0A 0A 0A 0A 0A 3C 00 94 00 00 00 00 00 95 00 00 00 00 00 00 00 00 00 3B 25 06 05 00 00 00 00 00 00 48 48 48 00 00 00 2A 29 2A 93 2C 2C 0A 0A 0A 0A 0A 0A 0A 25 0A 0A 0A 0A 0A 0A 0A 0A 0A 0A 0A 0A 0A 25 18 00 00 00 00 00 00 00 00 00 00 00 00 00 00 00 00 00 00 00 00 00 00 
00 37 39 05 37 39 06 00 00 00 00 00 00 00 00 05 25 00 8F 00 00 00 00 00 8E 00 25 00 00 00 00 00 00 00 00 00 00 60 00 00 87 00 00 00 00 00 00 00 00 00 00 00 00 90 25 05 06 00 00 00 00 00 00 48 48 48 00 00 93 2A 29 2A 0A 0A 0A 4C 00 00 00 00 00 00 25 0F A0 00 00 00 00 00 00 00 00 00 00 00 25 18 00 00 00 00 00 00 00 00 00 00 00 00 00 00 00 00 00 00 00 00 00 00 
00 38 3A 06 38 3A 05 00 00 07 09 25 00 00 00 06 25 43 43 43 43 43 43 43 43 43 43 43 43 43 43 43 43 43 25 0A 0A 9B 4D 0A 0A 0A 9B 4D 0A 0A 0A 9B 00 00 4D 0A 0A 0A 25 06 05 00 00 00 00 00 00 48 48 48 00 4D 25 0A 0A 0A 4C 00 00 00 00 00 00 00 00 00 25 0E 97 00 00 00 00 00 00 00 00 00 00 00 2D 18 00 00 00 00 00 00 00 00 00 00 00 00 00 00 00 00 00 00 00 00 00 00 
00 05 06 05 06 05 06 00 00 00 00 25 9C 9C 9C 05 25 27 27 27 27 27 27 27 27 27 27 27 27 27 27 27 06 05 25 05 06 27 27 27 27 27 27 27 27 27 27 27 27 27 27 05 06 05 25 05 06 00 00 00 00 00 00 48 48 48 00 00 25 00 00 00 00 00 00 44 44 44 44 44 44 8E 25 0F 00 00 00 00 00 00 00 92 00 00 00 2D 35 18 00 00 00 00 00 00 00 00 00 00 00 00 00 00 00 00 00 00 00 00 00 00 
00 37 39 06 37 39 05 25 0A 0A 0A 0A 0A 0A 0A 06 25 28 28 28 28 28 28 28 28 28 28 28 28 28 28 06 05 06 25 06 05 28 28 28 28 28 28 28 28 28 28 28 28 28 28 06 05 06 25 06 05 00 00 00 00 00 00 48 48 48 00 00 25 00 00 00 00 00 4D 0A 0A 0A 0A 0A 0A 0A 0A 0A 25 0A 0A 0A 0A 0A 0A 0A 0A 4C 2D 35 35 18 00 00 00 00 00 00 00 00 00 22 21 21 00 00 00 00 00 00 00 00 00 00 
00 38 3A 05 38 3A 06 25 00 00 00 00 00 00 00 05 25 0A 0A 0A 0A 0A 0A 0A 0A 0A 0A 0A 0A 0A 0A 0A 4C 00 00 00 06 05 06 05 06 05 06 05 06 05 06 05 06 05 06 05 06 05 25 05 06 00 00 00 00 00 00 48 48 48 00 1C 3D 1E 00 00 00 00 00 01 00 00 00 00 86 00 00 00 25 00 00 3F 00 3F 00 8A 00 00 35 35 35 18 00 00 00 00 00 00 00 00 22 21 21 21 00 00 00 00 00 00 00 00 00 00 
00 06 05 06 05 06 05 25 00 00 00 00 00 00 00 06 25 00 00 00 00 00 00 00 00 00 8F 00 00 00 00 81 00 00 00 00 05 3C 00 95 00 00 00 00 00 95 00 00 00 00 94 00 00 3B 25 06 05 00 00 00 00 00 00 48 48 48 1C 3D 3D 3D 1E 00 00 00 00 01 00 00 00 25 07 08 08 08 09 3F 3F 00 00 00 40 40 00 00 35 35 35 18 00 00 00 00 00 00 00 00 21 21 21 21 21 21 00 00 00 00 00 00 00 00 
00 37 39 05 37 39 06 25 00 00 00 00 00 00 00 05 25 00 00 25 0A 0A 0A 0A 0A 0A 0A 0A 0A 0A 0A 0A 25 00 00 00 06 00 00 00 00 98 00 00 00 00 00 00 98 00 00 00 00 00 25 05 06 00 00 00 00 00 00 48 48 48 3D 3D 3D 3D 3D 1E 00 00 00 01 8F 40 00 40 00 00 01 27 27 27 27 27 27 27 27 27 27 27 27 27 27 18 0A 0A 0A 0A 0A 0A 0A 0A 0A 0A 0A 0A 0A 0A 0A 0A 0A 0A 0A 0A 0A 0A 
00 38 3A 06 38 3A 05 25 00 00 00 00 00 00 4D 0A 0A 0A 0A 0A 0A 4C 00 94 00 00 00 00 95 00 4D 0A 0A 0A 0A 0A 0A 0A 25 0A 0A 0A 0A 0A 0A 0A 0A 0A 0A 0A 0A 0A 0A 0A 0A 06 05 00 00 00 00 00 00 48 48 48 3D 3D 3D 3D 3D 3D 25 00 00 01 25 40 00 00 00 94 01 18 18 18 18 18 18 18 18 18 18 18 18 18 18 18 00 00 00 00 00 00 00 00 00 00 00 00 00 00 00 00 00 00 00 00 00 00 
00 05 06 05 06 05 06 25 00 00 00 93 00 00 8C 00 00 8D 8C 00 00 00 00 93 00 00 00 8C 00 8C 00 88 8D 00 00 00 00 00 25 05 21 21 21 21 21 21 21 21 21 21 21 21 21 21 21 05 06 00 00 00 00 00 00 48 48 48 27 27 27 27 27 27 25 00 00 01 25 00 00 00 00 94 01 94 87 47 00 00 00 00 47 88 00 00 47 00 8A 18 00 00 00 00 00 00 00 00 00 00 00 00 00 00 00 00 00 00 00 00 00 00 
00 06 05 06 05 06 05 0A 0A 4C 45 45 45 45 45 45 45 45 45 45 45 45 45 45 45 45 45 45 45 45 45 45 45 45 45 45 07 08 09 06 21 21 21 21 21 21 21 21 21 21 21 21 21 21 21 06 05 00 00 00 00 00 00 48 48 48 28 28 28 28 28 28 25 00 00 01 25 3E 3F 00 00 94 01 0A 25 0A 0A 0A 0A 0A 0A 0A 4C 4D 25 0A 0A 18 00 00 00 00 00 00 00 00 00 00 00 00 00 00 00 00 00 00 00 00 00 00 
00 05 06 05 06 05 06 27 27 27 27 27 27 27 27 27 27 27 27 27 27 27 27 27 27 27 27 27 27 27 27 27 27 27 27 27 27 27 27 05 21 21 21 21 21 21 21 21 21 21 21 21 21 21 21 05 06 00 00 00 00 00 00 48 48 48 28 28 28 28 28 28 25 00 4D 0A 0A 0A 0A 0A 0A 0A 0A 4C 25 00 00 00 00 00 00 83 00 00 25 00 00 18 00 00 00 00 00 00 00 00 00 00 00 00 00 00 00 00 00 00 00 00 00 00 
00 06 05 06 05 06 05 28 28 28 28 28 28 28 28 28 28 28 28 28 28 28 28 28 28 28 28 28 28 28 28 28 28 28 28 28 28 28 28 06 21 21 21 21 21 21 21 21 21 21 21 21 21 21 21 06 05 00 00 00 00 00 00 48 48 48 90 00 00 00 00 82 25 00 00 60 00 00 00 00 00 00 00 4D 0A 0A 0A 0A 0A 25 0A 0A 0A 0A 0A 4C 00 18 00 00 00 00 00 00 00 00 00 00 00 00 00 00 00 00 00 00 00 00 00 00 
00 0F 0E 0F 0E 0F 0E 0F 0E 0F 0E 0F 0E 0F 0E 0F 0E 0F 0E 0F 0E 0F 0E 0F 0E 0F 0E 0F 0E 0F 0E 0F 0E 0F 0E 0F 0E 0F 0E 05 21 21 21 21 21 21 21 21 21 21 21 21 21 21 21 05 06 00 00 00 00 00 00 48 48 48 45 45 45 45 45 45 45 00 60 45 45 45 45 45 45 45 45 00 00 00 00 00 00 25 00 00 00 00 00 00 00 18 00 00 00 00 00 00 00 00 00 00 00 00 00 00 00 00 00 00 00 00 00 00 
00 17 00 00 00 00 00 00 00 00 00 00 00 00 00 00 00 00 00 00 00 00 00 00 00 00 00 00 00 00 00 00 00 00 00 00 00 00 00 00 00 00 00 00 00 00 00 00 00 00 00 00 00 00 00 00 00 00 00 00 00 00 00 48 48 48 25 00 29 29 29 00 2A 00 00 45 2B 00 2B 00 2C 2C 2C 45 00 29 29 29 00 25 00 2A 2A 2A 00 00 00 18 00 00 00 00 00 00 00 00 00 00 00 00 00 00 00 00 00 00 00 00 00 00 
00 17 00 00 00 00 00 00 00 00 00 00 00 00 00 00 00 00 00 00 00 00 00 00 00 00 00 00 00 00 00 00 00 00 00 00 00 00 00 00 00 00 00 00 00 00 00 00 00 00 00 00 00 00 00 00 00 00 00 00 00 00 00 48 48 48 25 00 29 00 29 00 2A 00 00 45 2B 00 2B 00 2C 00 2C 89 45 00 29 00 00 25 00 00 2A 00 00 00 00 18 00 00 00 00 00 00 00 00 00 00 00 00 00 00 00 00 00 00 00 00 00 00 
00 17 00 00 00 00 00 00 00 00 00 00 00 00 00 00 00 00 00 00 00 00 00 00 00 00 00 00 00 00 00 00 00 00 00 00 00 00 00 00 00 00 00 00 00 00 00 00 00 00 00 00 00 00 00 00 00 00 00 00 00 00 00 48 48 48 25 00 29 29 29 00 2A 00 00 45 2B 00 2B 00 2C 00 00 45 45 00 29 00 00 25 00 00 2A 00 00 00 00 18 00 00 00 00 00 00 00 00 00 00 00 00 00 00 00 00 00 00 00 00 00 00 
00 17 00 00 00 00 00 00 00 00 00 00 00 00 00 00 00 00 00 00 00 00 00 00 00 00 00 00 00 00 00 00 00 00 00 00 00 00 00 00 00 00 00 00 00 00 00 00 00 00 00 00 00 00 00 00 00 00 00 00 00 00 00 48 48 48 25 00 29 00 00 00 2A 00 00 45 2B 00 2B 00 2C 00 2C 2C 00 29 29 29 00 25 00 00 2A 00 00 00 00 18 00 00 00 00 00 00 00 00 00 00 00 00 00 00 00 00 00 00 00 00 00 00 
00 17 00 00 00 00 00 00 00 00 00 00 00 00 00 00 00 00 00 00 00 00 00 00 00 00 00 00 00 00 00 00 00 00 00 00 00 00 00 00 00 00 00 00 00 00 00 00 00 00 00 00 00 00 00 00 00 00 00 00 00 00 00 48 48 48 25 00 29 00 00 00 2A 2A 9F 45 2B 2B 2B 00 2C 2C 2C 45 45 45 45 45 45 45 00 00 00 00 00 00 00 18 00 00 00 00 00 00 00 00 00 00 00 00 00 00 00 00 00 00 00 00 00 00 
00 17 00 00 00 00 00 00 00 00 00 00 00 00 00 00 00 00 00 00 00 00 00 00 00 00 00 00 00 00 00 00 00 00 00 00 00 00 00 00 00 00 00 00 00 00 00 00 00 00 00 00 00 00 00 00 00 00 00 00 00 00 00 48 48 48 45 45 45 45 45 45 45 45 45 45 00 00 00 00 00 00 00 31 27 27 27 27 27 27 27 27 27 27 27 27 27 18 00 00 00 00 00 00 00 00 00 00 00 00 00 00 00 00 00 00 00 00 00 00 
00 17 00 00 00 00 00 00 00 00 00 00 00 00 00 00 00 00 00 00 00 00 00 00 00 00 00 00 00 00 00 00 00 00 00 00 00 00 00 00 00 00 00 00 00 00 00 00 00 00 00 00 00 00 00 00 00 00 00 00 00 00 00 48 48 48 27 27 27 27 27 27 27 27 27 27 27 27 27 27 27 27 27 28 28 28 28 28 28 28 28 28 28 28 28 28 28 18 00 00 00 00 00 00 00 00 00 00 00 00 00 00 00 00 00 00 00 00 00 00 
2D 2D 2D 2D 2D 2D 2D 2D 2D 2D 2D 2D 2D 2D 2D 2D 2D 2D 2D 2D 2D 2D 2D 2D 2D 2D 2D 2D 2D 2D 2D 2D 2D 2D 2D 00 00 00 00 00 00 00 00 00 00 00 00 00 00 00 00 00 00 00 00 00 00 00 00 00 00 00 00 48 48 48 18 18 18 18 18 18 18 18 18 18 18 18 18 18 18 18 18 18 18 18 18 18 18 18 18 18 18 18 18 18 18 18 00 00 29 00 00 00 00 00 00 00 00 00 00 00 00 00 00 00 00 00 00 00 
17 17 17 17 17 17 17 17 17 17 17 17 17 17 17 17 17 17 17 17 17 17 17 17 17 17 17 17 17 17 17 17 17 17 17 00 00 00 00 00 00 00 00 00 00 00 00 00 00 00 00 00 00 00 00 00 00 00 00 00 00 00 00 00 00 00 00 00 00 00 00 00 00 00 00 00 00 00 00 00 00 00 00 29 00 00 00 00 29 00 29 00 00 29 29 00 00 00 29 29 00 00 00 00 00 00 00 00 00 00 00 00 00 00 00 00 00 00 00 00 
05 06 05 06 05 06 00 00 00 00 00 00 00 00 00 00 00 00 00 00 00 00 00 00 00 00 00 00 00 35 00 00 00 06 05 00 00 00 00 00 00 00 00 00 00 00 00 00 00 00 00 00 00 00 00 00 00 00 00 00 00 00 00 00 00 00 00 00 00 00 00 00 00 00 00 00 00 00 00 00 00 00 00 29 00 29 29 00 29 29 29 00 00 29 29 00 00 00 29 29 00 00 00 00 00 00 00 00 00 00 00 00 00 00 00 00 00 00 00 00 
06 05 06 05 06 05 00 00 00 00 00 3F 3F 3F 3F 3F 00 00 00 00 60 00 00 00 A1 00 00 00 00 35 00 00 00 05 06 00 00 00 00 00 00 00 00 00 00 00 00 00 00 00 00 00 00 00 00 00 00 00 00 00 00 00 00 00 00 00 00 00 00 00 00 00 00 00 00 00 00 00 00 00 00 00 00 29 29 29 00 00 29 00 29 00 29 00 00 29 00 29 00 00 29 00 00 82 00 00 00 00 00 00 00 00 00 00 00 00 00 00 00 00 
05 06 05 06 05 06 00 00 00 00 00 0E 00 00 00 0E 00 00 3F 3F 3F 3F 3F 3F 3F 00 00 00 00 35 00 00 00 06 05 00 00 00 00 00 00 00 00 00 00 00 00 00 00 00 00 00 00 00 00 00 00 00 00 00 00 00 00 00 00 00 00 00 00 00 00 00 00 00 00 00 00 00 00 00 00 00 00 00 00 00 00 00 00 00 00 87 60 90 00 00 8C 00 00 00 8E 00 00 45 45 1B 00 00 00 00 00 00 00 00 00 00 00 00 00 00 
06 05 37 39 06 05 00 00 00 00 00 0F 98 00 00 0F 00 00 00 00 00 00 00 00 00 00 00 00 00 35 00 00 00 05 06 00 00 00 00 00 00 00 00 00 00 36 36 36 36 36 36 36 36 36 36 36 36 36 36 36 36 36 36 36 36 36 36 36 36 36 36 36 36 36 36 36 36 36 36 36 00 00 00 00 00 45 00 00 45 00 3E 3E 3E 3E 3E 00 45 00 45 00 45 00 45 00 00 3B 1B 89 00 00 00 00 00 00 00 00 00 00 00 00 
05 06 38 3A 05 06 00 00 00 00 00 0E 82 00 00 0E 00 00 00 07 09 25 07 09 00 00 60 00 00 35 00 00 00 06 05 06 05 06 05 06 05 06 05 06 05 17 17 17 17 17 17 17 36 36 36 36 36 36 36 36 36 36 36 36 36 36 36 36 36 36 36 36 36 36 36 36 36 36 36 36 00 00 45 25 45 92 00 00 00 00 00 29 00 29 00 00 00 00 00 00 00 00 00 00 8F 00 3B 1B 00 00 00 00 00 00 00 00 00 00 00 00 
06 05 06 05 06 05 00 00 00 00 00 07 09 25 07 09 00 00 00 00 00 25 00 00 00 00 07 09 25 35 00 00 00 05 06 05 06 05 06 05 06 05 06 05 06 17 2A 84 2A 2A 00 17 00 00 00 00 00 00 00 00 00 00 00 00 00 00 00 00 00 00 00 00 00 00 00 95 2F 30 00 36 45 45 45 45 45 45 45 45 45 45 45 45 45 45 45 45 45 45 45 45 45 45 45 45 45 25 22 21 1B 00 00 00 00 00 00 00 00 00 00 00 
05 06 05 06 05 06 00 00 00 00 00 00 8C 25 00 00 00 00 00 00 00 25 00 00 00 00 00 00 25 35 00 00 00 06 05 06 05 06 05 06 05 06 05 06 05 17 25 07 09 25 89 46 8E 00 00 00 00 00 00 00 00 00 60 00 00 00 00 A1 00 00 00 00 00 00 00 00 00 2F 30 36 00 00 00 00 00 00 00 00 00 00 00 00 00 00 00 00 00 00 00 00 00 00 00 00 00 25 3B 21 21 00 00 00 00 00 00 00 00 00 00 00 
06 05 37 39 06 05 25 07 08 09 45 45 07 08 09 45 45 07 08 08 08 08 09 45 45 45 07 08 09 35 00 00 00 00 8A 2C 2B 2A 29 89 00 60 06 05 06 17 25 00 00 07 09 17 33 34 34 34 34 34 34 34 00 00 33 34 34 34 34 34 34 34 25 34 34 34 34 00 00 31 32 36 00 00 00 00 00 00 00 00 00 00 00 00 00 00 00 00 00 00 00 00 00 00 00 00 00 25 22 21 21 00 00 00 00 00 00 00 00 00 00 00 
05 06 38 3A 05 06 25 05 06 27 27 27 27 27 27 27 27 27 27 27 05 06 05 27 27 27 05 06 05 06 00 00 00 00 07 08 08 08 08 09 25 07 05 06 05 17 25 8C 00 00 8D 17 00 00 00 00 00 00 00 00 00 00 00 00 35 00 00 00 00 00 25 00 00 01 04 00 31 32 00 36 00 00 00 00 00 00 00 00 00 00 00 00 00 00 00 00 00 00 00 00 00 00 00 00 00 25 3B 21 21 00 00 00 00 00 00 00 00 00 00 00 
06 05 06 05 06 05 25 06 05 05 06 05 06 05 06 05 06 05 06 05 06 05 06 05 06 05 06 05 06 05 00 00 00 00 05 06 05 00 60 00 25 00 06 05 06 17 07 09 25 07 09 17 25 3F 3F 3F 3F 3F 3F 3F 3F 3F 3F 00 35 00 00 00 00 00 40 00 00 01 04 31 32 00 00 36 00 00 00 00 00 00 00 00 00 00 00 00 00 00 00 00 3F 3F 3F 3F 3F 3F 3F 00 00 25 22 21 21 00 00 00 00 00 00 00 00 00 00 00 
05 06 05 06 05 06 25 00 95 00 00 60 00 00 00 00 00 00 00 00 00 00 00 00 00 00 00 00 00 00 00 00 00 00 06 05 06 00 60 00 25 00 05 06 05 17 99 00 25 8C 00 17 25 95 00 00 00 00 00 00 00 00 00 45 35 00 00 00 00 00 00 40 00 01 04 2F 30 00 00 36 00 00 00 00 00 00 00 00 00 00 00 00 00 00 00 00 00 29 00 29 00 29 00 00 00 25 3B 21 21 9F 00 00 00 00 00 00 00 00 00 00 
06 05 37 39 06 05 25 95 00 00 00 60 00 00 00 00 00 00 00 00 00 95 00 00 00 00 00 87 00 00 00 00 00 00 05 06 05 94 00 60 25 00 06 05 06 17 00 07 08 09 25 17 25 60 3F 00 00 40 40 40 00 00 00 45 35 25 00 3E 3E 00 40 00 00 01 04 00 2F 30 00 36 00 00 00 00 00 00 00 60 00 00 00 00 00 00 00 00 9A 29 60 29 00 29 60 00 00 25 22 21 21 1B 00 00 00 00 00 0E 0F 00 00 00 
05 06 38 3A 05 06 25 00 94 00 00 60 00 00 00 00 00 4D 25 0A 0A 0A 0A 0A 0A 4C 60 9B 00 00 4D 0A 0A 25 0A 0A 0A 4C 00 00 25 00 05 06 05 17 99 00 00 00 25 17 25 60 3F 60 00 00 00 2E 4E 00 00 45 35 25 40 00 00 40 00 00 00 01 04 00 00 2F 30 36 00 00 00 00 00 00 60 60 60 60 9A 60 9A 60 60 25 43 43 43 43 43 43 43 25 8E 25 3B 21 3C 3B 1B 00 00 00 00 0F 0E 00 00 00 
06 05 06 05 06 05 25 00 00 00 00 60 00 00 00 00 00 00 25 0F 0E 0F 0E 0F 0E 27 27 27 27 27 27 0F 0E 25 0E 06 05 00 00 00 25 00 06 05 06 17 25 21 3C 00 3B 17 25 60 3F 00 00 00 40 40 40 00 00 3F 3F 3F 00 00 00 00 00 00 00 01 04 00 00 00 00 36 00 00 00 00 00 4D 0A 0A 0A 0A 0A 0A 0A 0A 0A 0A 4C 00 00 00 00 00 4D 0A 0A 0A 4C 3B 24 00 3B 1B 00 00 00 0E 0F 00 00 00 
05 06 05 06 05 06 0A 0A 0A 0A 0A 0A 0A 0A 0A 4C 4D 0A 0A 0E 0F 0E 0F 0E 0F 0E 0F 0E 0F 0E 0F 0E 0F 25 0F 05 06 60 00 94 25 00 05 06 05 17 25 3C 95 00 00 17 3F 3F 00 00 00 00 00 00 00 00 00 00 00 00 00 00 00 00 00 00 00 01 04 07 08 08 09 36 00 00 00 00 00 00 00 00 00 00 00 00 00 00 00 00 00 00 00 00 00 00 00 00 00 00 00 22 21 24 00 60 60 00 00 0F 0E 00 00 00 
06 05 37 39 06 05 0E 0F 0E 0F 0E 0F 0E 0F 0E 27 27 0F 0E 0F 0E 98 00 00 98 00 00 60 00 00 00 00 00 25 0E 06 05 60 00 00 25 00 06 05 06 17 25 00 00 00 00 17 33 34 34 34 34 34 34 34 34 34 34 34 34 34 34 34 34 34 34 34 44 01 04 00 00 00 8C 36 00 00 00 00 00 00 00 00 00 00 00 60 95 00 00 00 3F 3F 3F 3F 00 00 94 00 00 00 00 2A 3B 3C 00 00 00 00 00 0E 0F 00 00 00 
05 06 38 3A 05 06 0F 0E 0F 0E 0F 0E 0F 0E 0F 0E 0F 0E 0F 0E 0F 00 00 00 00 00 00 00 00 00 00 00 00 25 0F 05 06 60 00 95 25 00 05 06 05 17 45 43 45 43 25 17 0A 0A 0A 0A 0A 0A 0A 0A 0A 0A 0A 0A 0A 0A 0A 0A 0A 0A 0A 0A 0A 0A 0A 8F 0A 0A 0A 36 88 00 00 00 00 00 00 00 00 00 00 60 00 00 00 3F 35 35 35 35 3F 00 00 94 8A 60 00 2A 00 00 00 00 00 60 00 0F 0E 00 00 00 
06 05 06 05 06 05 00 00 00 00 00 00 00 00 00 00 99 99 00 00 00 00 00 00 00 00 00 00 25 0A 0A 0A 0A 0A 0A 0A 0A 0A 0A 4C 25 00 06 05 06 17 00 00 00 00 25 00 00 95 60 60 60 60 60 60 60 60 60 60 95 60 60 60 60 60 60 60 60 60 60 92 00 00 00 36 0A 0A 25 0A 4C 9B 00 4D 0A 0A 9C 00 00 00 3F 35 35 35 35 35 35 3F 00 4D 0A 0A 0A 0A 0A 0A 0A 0A 0A 93 00 0E 0F 00 00 00 
05 06 05 06 05 06 25 43 43 43 43 43 43 25 17 43 43 43 43 25 43 43 43 43 43 43 43 43 25 05 06 00 00 00 35 00 00 00 29 00 25 00 05 06 05 17 27 27 27 27 25 00 00 00 00 00 00 00 00 00 00 00 00 00 00 00 00 00 00 00 00 00 00 00 00 60 00 00 00 36 00 00 25 84 00 60 00 00 00 00 00 00 00 3F 35 35 35 35 35 35 35 35 3F 00 00 93 00 00 00 00 93 00 00 25 00 0F 0E 00 00 00 
06 05 37 39 06 05 25 00 00 00 07 25 07 09 35 00 00 00 00 25 00 05 06 98 00 00 00 00 25 06 05 24 00 00 35 00 00 00 29 92 25 44 06 05 06 17 28 28 28 28 25 07 08 09 00 00 07 08 09 00 00 07 08 09 00 00 07 08 09 00 00 07 08 08 08 08 08 09 00 36 0A 0A 0A 0A 0A 0A 4C 4D 0A 0A 0A 4C 4D 0A 0A 0A 0A 0A 0A 0A 0A 0A 0A 4C 4D 0A 0A 0A 4C 4D 0A 0A 0A 0A 0A 0A 0A 4C 00 00 
05 06 38 3A 05 06 25 00 00 00 00 25 00 00 35 8F 00 00 00 25 00 06 05 00 88 00 00 00 25 05 06 21 24 00 35 00 25 43 43 43 45 43 05 06 05 17 28 28 28 28 25 9F 00 00 90 00 00 00 00 87 00 00 88 00 00 00 00 82 00 8A 00 00 00 00 00 00 00 00 00 36 29 29 29 29 29 29 29 29 29 29 29 29 29 29 29 29 29 29 29 29 29 29 29 29 29 29 29 29 29 29 29 29 29 29 29 0F 0E 00 00 00 
06 05 06 05 06 05 07 08 08 08 09 25 07 09 35 09 25 07 08 08 09 05 06 0A 0A 0A 0A 0A 25 06 05 21 21 24 35 07 08 08 08 09 25 07 06 05 06 17 28 28 28 28 43 43 43 43 43 43 43 43 43 43 43 43 43 43 43 43 43 43 43 43 43 43 43 43 43 43 43 43 44 36 0A 0A 0A 0A 0A 0A 0A 0A 0A 0A 0A 0A 0A 0A 0A 0A 0A 0A 0A 0A 0A 0A 0A 0A 0A 0A 0A 0A 0A 0A 0A 0A 0A 0A 0A 0A 0A 4C 00 00 
05 06 05 06 05 06 00 00 00 00 00 25 00 00 35 00 25 00 00 00 00 06 05 00 00 00 00 00 25 05 06 21 21 21 35 95 00 00 94 00 25 00 05 06 05 0A 0A 0A 0A 0A 0A 0A 0A 0A 0A 0A 0A 0A 0A 0A 0A 0A 0A 0A 0A 0A 0A 0A 0A 0A 0A 0A 0A 0A 0A 0A 0A 0A 0A 0A 1A 00 00 00 00 00 00 00 00 00 00 00 00 00 00 00 00 00 00 1A 00 00 00 00 00 00 00 00 00 00 00 00 00 00 00 00 00 00 00 00 
06 05 37 39 06 05 00 00 00 00 00 25 00 00 35 00 25 00 00 00 00 05 06 00 00 00 00 00 25 06 05 21 21 21 35 60 00 00 00 00 25 00 06 05 06 00 00 00 00 00 00 00 00 00 00 00 00 00 00 00 00 00 00 00 00 00 00 00 00 00 00 00 00 00 00 00 00 00 00 00 23 60 00 3F 3F 00 3F 3F 00 3F 00 00 00 00 00 00 00 00 00 23 00 00 00 00 00 00 00 00 00 00 00 00 00 00 00 00 00 00 00 00 
05 06 38 3A 05 06 25 43 45 45 43 07 08 09 35 07 08 09 25 00 00 06 05 00 00 94 00 00 25 05 06 21 21 21 0A 25 0A 0A 0A 0A 0A 0A 05 06 05 00 00 00 00 00 00 00 00 00 00 00 00 00 00 00 00 00 00 00 00 00 00 00 00 00 00 00 00 00 00 00 00 00 00 00 1A 00 3F 00 00 00 00 00 00 00 3F 00 00 00 00 00 00 00 00 1A 00 00 00 00 00 00 00 00 00 00 00 00 00 00 00 00 00 00 00 00 
06 05 06 05 06 05 25 00 44 44 00 00 00 00 35 98 00 00 25 00 00 05 06 00 00 00 95 00 25 06 05 21 21 21 35 25 60 60 60 60 60 95 06 05 06 00 00 00 00 00 00 00 00 00 00 00 00 00 00 00 00 00 00 00 00 00 00 00 00 00 00 00 00 00 00 00 00 00 00 00 23 94 00 3F 00 00 00 00 00 00 00 3F 00 60 3F 60 00 00 00 23 00 00 00 00 00 00 00 00 00 00 00 00 00 00 00 00 00 00 00 00 
05 06 05 06 05 06 07 08 08 08 09 25 07 09 35 00 00 00 25 00 00 06 05 06 00 00 00 00 25 05 06 21 21 21 35 25 60 90 60 60 60 60 05 06 05 00 00 00 00 00 00 00 00 00 00 00 00 00 00 00 00 00 00 00 00 00 00 00 00 00 00 00 00 00 00 00 00 00 00 00 1A 60 3F 00 00 00 00 00 98 00 00 00 00 00 00 3F 98 00 00 1A 00 00 00 00 00 00 00 00 00 00 00 00 00 00 00 00 00 00 00 00 
06 05 37 39 06 05 8E 8C 00 8D 00 25 00 00 07 09 25 07 08 08 09 05 06 05 00 00 00 00 25 06 05 21 21 21 0A 0A 0A 0A 0A 0A 25 0A 06 05 06 00 00 00 00 00 00 00 00 00 00 00 00 00 00 00 00 00 00 00 00 00 00 00 00 00 00 00 00 00 00 00 00 00 00 00 23 3F 00 00 00 00 00 00 00 00 00 00 00 00 3F 00 00 00 00 23 00 00 00 00 00 00 00 00 00 00 00 00 00 00 00 00 00 00 00 00 
05 06 38 3A 05 06 07 09 25 07 08 08 09 00 00 00 25 00 00 00 00 06 05 06 05 00 94 00 25 05 06 21 21 21 21 21 21 21 21 21 25 21 05 06 05 00 00 00 00 00 00 00 00 00 00 00 00 00 00 00 00 00 00 00 00 00 00 00 00 00 00 00 00 00 00 00 00 00 00 00 1A 3F 00 00 00 00 00 00 00 00 00 00 00 00 00 3F 00 00 00 1A 00 00 00 00 00 00 00 00 00 00 00 00 00 00 00 00 00 00 00 00 
06 05 06 05 06 05 00 00 25 00 00 00 00 00 00 00 25 00 00 00 00 05 06 05 06 00 00 00 25 06 05 21 21 21 21 21 21 21 21 21 25 21 06 05 06 00 00 00 00 00 00 00 00 00 00 00 00 00 00 00 00 00 00 00 00 00 00 00 00 00 00 00 00 00 00 00 00 00 00 00 23 3F 00 00 3F 00 00 3F 00 98 00 00 00 00 00 00 3F 00 00 23 00 00 00 00 00 00 00 00 00 00 00 00 00 00 00 00 00 00 00 00 
05 06 05 06 05 06 A0 00 25 00 00 00 00 00 00 00 25 00 00 00 00 00 95 00 00 00 00 94 25 00 00 3B 3C 3B 3C 3B 3C 3B 3C 3B 25 3C 05 06 05 00 00 00 00 00 00 00 00 00 00 00 00 00 00 00 00 00 00 00 00 00 00 00 00 00 00 00 00 00 00 00 00 00 00 00 1A 00 3F 3F 95 00 00 3F 00 00 00 00 00 00 00 00 00 3F 00 1A 00 00 00 00 00 00 00 00 00 00 00 00 00 00 00 00 00 00 00 00 
06 05 06 05 06 05 97 00 25 00 00 8D 00 00 00 00 25 00 00 00 9F 00 00 00 00 00 00 00 25 00 00 00 00 84 00 00 00 00 00 00 25 00 06 05 06 00 00 00 00 00 00 00 00 00 00 00 00 00 00 00 00 00 00 00 00 00 00 00 00 00 00 00 00 00 00 00 00 00 00 00 23 00 00 00 00 00 00 3F 00 00 00 00 00 00 00 00 98 00 3F 23 00 00 00 00 00 00 00 00 00 00 00 00 00 00 00 00 00 00 00 00 
05 06 05 06 05 06 0A 0A 0A 0A 0A 0A 0A 0A 4C 07 08 09 00 07 08 09 00 07 08 09 00 07 08 09 00 07 08 09 45 45 07 08 08 08 08 09 05 06 05 00 00 00 00 00 00 00 00 00 00 00 00 00 00 00 00 00 00 00 00 00 00 00 00 00 00 00 00 00 00 00 00 00 00 00 1A 00 00 00 98 00 3F 3F 3F 00 00 00 00 00 00 00 00 3F 00 1A 00 00 00 00 00 00 00 00 00 00 00 00 00 00 00 00 00 00 00 00 
06 05 06 05 06 05 0E 0F 0E 0F 0E 0F 0E 0F 27 27 27 27 27 27 27 27 27 27 27 27 27 27 27 27 27 27 27 27 27 27 27 27 27 27 27 27 06 05 06 00 00 00 00 00 00 00 00 00 00 00 00 00 00 00 00 00 00 00 00 00 00 00 00 00 00 00 00 00 00 00 00 00 00 00 23 00 00 00 00 00 00 00 00 00 00 00 00 00 00 00 00 00 3F 3F 00 00 00 00 00 00 00 00 00 00 00 00 00 00 00 00 00 00 00 00 
05 06 05 06 05 06 0F 0E 0F 0E 0F 0E 0F 0E 0F 0E 0F 0E 0F 0E 0F 0E 0F 0E 0F 0E 0F 0E 0F 0E 0F 0E 0F 0E 0F 0E 0F 0E 0F 0E 0F 0E 05 06 05 00 00 00 00 00 00 00 00 00 00 00 00 00 00 00 00 00 00 00 00 00 00 00 00 00 00 00 00 00 00 00 00 00 00 00 1A 27 27 27 27 27 27 27 27 27 27 27 27 27 27 27 27 27 27 1A 3F 00 00 00 00 00 00 00 00 00 00 00 00 00 00 00 00 00 00 00 
06 05 06 05 06 05 0E 0F 0E 0F 0E 0F 0E 0F 0E 0F 0E 0F 0E 0F 0E 0F 0E 0F 0E 0F 0E 0F 0E 0F 0E 0F 0E 0F 0E 0F 0E 0F 0E 0F 0E 0F 06 05 06 00 00 00 00 00 00 00 00 00 00 00 00 00 00 00 00 00 00 00 00 00 00 00 00 00 00 00 00 00 00 00 00 00 00 00 17 17 17 17 17 17 17 17 17 17 17 17 17 17 17 17 17 17 17 17 00 3F 00 00 00 00 00 00 00 00 00 00 00 00 00 00 00 00 00 00 
