0                     0         3
1              2.953125         3
2                5.8125         3
3              8.578125         3
4                 11.25         3
5             13.828125         2
6               16.3125         2
7             18.703125         2
8                    21         2
9             23.203125         2
10              25.3125         2
11            27.328125         2
12                29.25         2
13            31.078125         2
14              32.8125         2
15            34.453125         2
16                   36         1
17            37.453125         1
18              38.8125         1
19            40.078125         1
20                41.25         1
21            42.328125         1
22              43.3125         1
23            44.203125         1
24                   45         1
25            45.703125         1
26              46.3125         1
27            46.828125         0
28                47.25         0
29            47.578125         0
30              47.8125         0
31            47.953125         0
32                   48         0
33            47.953125         0
34              47.8125         0
35            47.578125         0
36                47.25         0
37            46.828125        -1
38              46.3125        -1
39            45.703125        -1
40                   45        -1
41            44.203125        -1
42              43.3125        -1
43            42.328125        -1
44                41.25        -1
45            40.078125        -1
46              38.8125        -1
47            37.453125        -1
48                   36        -2
49            34.453125        -2
50              32.8125        -2
51            31.078125        -2
52                29.25        -2
53            27.328125        -2
54              25.3125        -2
55            23.203125        -2
56                   21        -2
57            18.703125        -2
58              16.3125        -2
59            13.828125        -3
60                11.25        -3
61             8.578125        -3
62               5.8125        -3
63             2.953125        -3
64                    0
