B0 00 00 00 00 00 00 00 00 00 00 00 00 00 00 01 02 02 03 00 04 05 05 05 05 05 05 05 05 05 05 05 05 05 05 05 05 05 05 06 00 00 00 00 07 05 05 05 05 05 05 05 05 05 05 05 05 05 05 05 05 05 05 05 05 05 05 05 05 05 05 05 05 05 B0
00 00 00 00 00 00 00 00 00 00 00 00 00 00 00 04 05 05 08 09 0A 05 05 05 05 05 05 05 05 05 05 05 05 05 05 05 05 05 05 06 00 00 00 00 07 05 05 05 05 05 05 05 05 05 05 05 05 05 05 05 05 05 05 05 05 05 05 05 05 05 05 05 05 05 06
00 0B 00 00 00 00 00 00 00 0C 0D 00 00 00 00 0E 0F 10 05 05 05 05 05 05 05 05 05 05 05 05 05 05 05 05 05 05 05 05 05 06 00 00 00 00 07 05 05 05 05 05 05 05 05 05 05 05 05 05 05 05 05 05 05 05 05 05 05 05 05 05 05 05 05 05 06
00 11 12 13 05 14 00 07 05 05 15 00 00 00 00 00 00 16 BE 05 05 05 05 05 05 05 05 05 05 05 05 05 05 05 05 05 05 05 05 06 00 00 00 00 07 05 05 05 05 05 05 05 05 05 05 05 05 05 05 05 05 05 05 05 05 05 05 05 05 05 05 05 05 05 06
00 17 05 05 05 05 05 05 05 05 18 19 00 00 00 00 00 1A 05 05 05 05 05 05 05 05 05 05 05 05 05 05 05 05 05 05 05 05 05 06 00 00 1B 1C 1D 05 05 05 05 05 05 05 05 05 05 05 05 05 05 05 05 05 05 05 05 05 05 05 05 05 05 05 05 05 06
00 1E 05 1F 20 21 05 05 05 05 05 06 00 00 00 00 00 22 05 BC 05 05 05 05 05 05 05 05 05 05 05 05 05 05 05 05 05 05 05 06 00 00 23 05 24 05 05 05 05 05 05 05 05 05 05 05 05 05 05 05 05 05 05 05 05 05 05 05 05 05 05 05 05 05 06
00 25 05 05 00 26 27 21 05 05 05 28 29 19 00 00 00 1A 05 BE 05 05 05 05 05 05 05 05 05 05 05 05 05 05 05 05 05 05 05 05 06 00 2A 05 24 05 05 05 05 05 05 05 05 05 05 05 05 05 05 05 05 05 05 05 05 05 05 05 05 05 05 05 05 05 06
00 2B BC 05 00 00 00 26 27 21 05 05 05 06 00 00 00 2C 05 05 05 05 05 05 05 05 05 05 05 05 05 05 05 05 05 05 05 05 05 05 06 2D 23 05 2E 2F 05 05 05 05 BD 05 05 05 05 30 05 05 05 05 05 05 05 05 05 05 05 05 05 05 05 05 05 05 06
00 31 05 BE 00 00 00 00 00 26 32 33 B7 05 05 05 06 35 05 05 BC 05 05 05 05 BF 05 05 05 05 05 05 05 05 05 05 05 05 05 05 06 36 37 05 38 39 05 05 05 BE 3A 05 BF 05 05 23 05 05 05 05 3B 05 05 05 05 05 05 05 05 05 05 05 05 05 3C
00 3D 05 05 00 00 00 00 00 00 3E 3F 40 BD B8 05 06 41 B9 BA BE 05 05 BD 05 05 05 05 BE 05 24 05 05 05 05 05 BC 30 BD 05 42 43 44 05 38 45 05 05 05 05 46 05 05 BE 05 46 05 05 47 05 48 05 05 05 05 05 05 05 05 05 49 4A 4B 4C 4D
4E 4F 05 BC 00 00 00 00 00 00 50 05 05 51 52 52 53 54 05 05 05 05 05 05 05 05 05 05 05 BF 05 BF 05 05 BE 05 05 23 05 05 BE 05 55 56 57 05 05 BC 05 05 05 05 05 05 BF 05 05 BF 05 05 BE 05 05 BD 05 BD 58 59 5A 5B 5C 5D 5E BE 15
04 BC 05 05 00 5F 29 60 29 29 61 C0 52 63 00 00 00 04 05 05 BC 05 05 05 05 05 05 05 05 05 05 05 05 05 05 05 05 05 05 05 55 BC 64 BD 05 BE 05 05 05 05 05 05 05 05 05 05 05 05 05 05 05 05 05 05 05 05 65 66 67 68 05 05 69 6A 63
04 BE 05 05 00 04 05 05 64 6B 48 6C 00 00 00 00 00 04 05 BE 05 05 05 05 05 05 05 05 05 05 05 05 05 05 05 05 05 05 05 05 6D 05 05 05 05 05 05 05 05 05 05 05 05 05 05 05 05 05 05 05 05 05 05 05 05 05 05 05 05 05 69 6A 6E 00 00
6F 05 05 05 00 04 05 05 05 05 BC 70 71 00 00 00 5F 72 05 05 05 05 05 05 05 05 05 05 05 05 05 05 05 05 05 05 05 05 73 74 75 05 05 05 05 05 05 05 05 05 05 05 05 05 05 05 05 05 05 05 05 05 05 05 05 05 05 05 05 BF 76 00 00 00 00
04 05 BC 05 00 04 05 77 78 78 79 7A 00 7B 43 7C 0A 05 05 05 BC 05 05 05 05 05 05 05 05 7D 59 59 59 7E 7F 80 81 82 83 05 6D 05 05 05 05 05 05 05 BD 05 BD 05 05 BD 05 05 BD 05 BD 05 05 BD 05 05 BD 05 05 BD 05 05 84 02 02 02 02
04 BE 05 05 00 04 BD 15 00 00 00 85 86 0A 05 05 05 05 87 88 89 8A 8B 8B 8C 8C 8B 8B 8D 8E 02 8F 8F 43 90 05 43 05 05 05 57 05 BF 05 05 BC 05 05 05 05 05 05 05 05 05 05 05 05 05 05 05 05 05 05 BF 05 05 05 05 05 30 05 05 05 05
91 05 05 05 92 04 BF 93 94 4E 95 96 0A 05 05 05 05 BD 97 00 00 00 98 05 05 05 05 05 05 05 05 05 05 05 05 05 05 BF 05 BE 05 05 05 05 05 05 05 05 05 05 05 05 05 05 05 05 05 05 05 05 05 05 05 05 05 05 BE 05 05 05 99 05 05 05 05
9A BC 05 05 9B 9C 05 05 73 9D 9E 59 59 59 59 9F 9F A0 A1 00 00 00 17 05 05 05 05 05 05 05 05 05 05 05 05 BD 05 05 05 05 05 05 05 05 05 05 05 05 05 05 05 05 05 05 05 05 05 05 05 05 05 05 05 05 05 05 05 05 05 05 05 05 05 05 05
A2 A2 A2 A3 52 A4 1F A5 A6 43 A7 43 A8 A9 AA AB AC AD 68 AE 05 05 AF 05 05 05 05 05 05 BE 05 BC 05 BC 05 05 05 05 05 05 05 05 05 05 05 05 05 05 05 05 05 05 05 05 05 05 05 05 05 05 05 05 05 05 05 05 05 BC 05 05 05 05 05 05 05
00 00 00 00 00 B0 BF 05 05 05 05 05 05 05 05 05 05 05 05 05 05 05 2D 05 05 05 A2 34 05 05 05 05 05 05 05 05 05 05 05 05 05 05 05 05 05 05 05 05 05 05 05 05 05 05 05 05 05 05 05 05 05 05 05 05 05 BE 05 05 05 05 05 05 05 05 06
B0 00 00 00 00 B0 05 0F 0F 0F B1 0F 0F 0F B2 0F B3 B4 B5 B6 52 52 35 05 05 05 00 04 05 05 05 05 05 05 05 05 05 05 05 05 05 05 05 05 05 05 05 05 05 05 05 05 05 05 05 05 05 05 05 05 05 05 05 05 05 05 05 05 05 05 05 05 05 05 06
