FE FF 00 00 00 00 00 00 00 00 00 00 00 00 00 00 00 00 00 00 00 00 00 00 00 00 00 00 00 00 00 00 00 00 00 00 00 00 00 00 00 00 00 00 00 00 00 00 00 00 00 00 00 00 00 00 00 00 00 00 00 00 00 00
00 00 00 00 00 03 03 03 03 03 03 03 03 00 00 00 00 00 00 00 00 00 00 00 00 00 00 00 00 56 57 58 27 00 00 00 00 00 00 00 00 00 00 00 00 00 03 03 03 03 00 00 00 00 00 00 00 00 00 00 00 00 00 00
00 00 00 00 02 01 9D 01 01 01 9F 01 01 04 00 00 00 00 00 00 00 09 0A 0B 00 00 00 00 2C 01 01 01 11 00 00 00 00 00 00 00 00 00 00 00 00 1C 01 C6 01 01 05 00 00 00 00 00 00 00 00 00 00 00 00 00
00 00 00 07 C2 C4 06 0E 0E F4 08 01 01 24 00 00 56 57 58 00 07 01 01 01 1F 27 00 1C 01 74 21 01 1F 03 03 03 00 00 00 00 00 00 56 58 2C 01 01 C7 01 01 01 11 00 00 00 02 1E 0B 03 27 00 00 00 00
00 00 00 07 01 01 11 00 00 00 07 01 2F 00 00 1C 01 01 01 1D 07 B7 B8 B8 B9 1F 2B 01 2D 00 00 77 A0 C1 9F 01 34 35 00 00 00 02 01 01 9E 01 01 C7 01 01 01 11 00 00 07 01 40 01 01 11 00 00 00 00
00 00 00 00 12 13 00 00 00 03 17 A1 11 00 07 01 01 01 01 01 1B 01 01 01 01 01 01 24 00 00 2C 01 06 F0 3E 01 01 3B 36 37 00 7B 40 24 32 21 01 C7 01 01 01 B5 57 58 16 6B 00 12 01 11 00 00 00 00
00 00 00 00 00 00 00 00 18 01 01 01 05 00 07 01 01 01 01 01 11 22 01 01 28 29 01 0D 0F 09 01 2E 09 0A 01 3D 01 11 39 3A 36 35 00 00 00 00 20 C8 01 01 01 A8 01 01 01 04 03 03 77 11 00 00 00 00
00 00 00 00 1C 0A 0B 03 19 74 76 01 01 11 00 20 51 01 01 01 11 7C 01 24 00 19 9D 01 01 01 2F 02 01 01 24 07 01 11 00 00 39 3A 34 37 03 03 03 38 01 01 01 B6 5A 5B 20 9D 01 01 01 11 00 00 00 00
00 00 00 07 01 01 01 9F 01 04 16 01 01 04 00 00 00 21 01 01 11 00 0E 00 18 30 32 6E C0 70 00 41 01 2F 00 07 01 11 02 2A 00 00 39 3C 01 A0 01 9C 01 01 13 00 00 00 00 32 F4 08 A1 11 00 00 00 00
00 00 00 07 01 01 01 1A 01 01 01 2F 4E 01 11 00 00 07 B7 B9 1F 03 03 26 25 31 00 00 49 03 03 3F 13 00 00 07 A2 1B 01 01 36 35 00 07 A1 06 F5 08 AF B0 11 00 00 00 00 00 03 48 A2 11 00 00 00 00
00 00 00 07 B1 B2 B3 1B 01 01 2E 00 23 01 11 00 00 02 01 01 A0 01 01 01 01 01 05 00 07 01 01 24 00 2C 05 07 01 1E 01 01 01 24 00 07 01 11 00 07 01 2E 00 00 00 00 00 18 01 C6 01 11 00 00 00 00
00 00 00 07 B7 B8 B9 11 22 01 05 14 15 01 0B 00 16 01 01 01 06 0E 0E 0E 08 01 01 0B 48 01 2F 00 1C 01 01 1B 01 01 01 06 0E 00 03 48 A6 1F 00 07 01 11 00 49 03 03 03 19 01 C7 01 11 00 00 00 00
00 00 00 00 20 01 01 11 23 01 01 01 9E 01 01 1E 01 01 01 01 11 00 14 15 1E 01 01 01 01 24 00 4C 01 01 01 4B 01 01 01 11 00 33 01 01 01 01 0B 07 01 11 00 07 01 01 AB 01 01 C7 01 11 00 00 00 00
00 00 00 00 00 7D 01 11 00 32 08 A9 06 F7 22 01 2E 32 F4 32 43 02 01 24 F1 F6 22 01 2E 00 02 01 01 01 01 01 55 01 01 0B 00 54 01 01 01 01 01 1B 01 11 00 07 01 01 B4 01 01 C8 01 11 00 00 00 00
00 00 00 00 00 07 A6 1F 56 58 02 01 11 00 23 30 00 00 1C 47 1E 28 67 09 0A 0B 23 01 4A 07 01 01 01 01 01 2E 00 22 01 01 1F 17 01 01 01 01 01 1B 01 11 00 46 F9 22 B4 5E EC 38 A2 11 00 00 00 00
00 00 00 00 00 07 01 A0 9D 01 01 01 05 03 48 62 00 07 01 01 01 11 07 01 55 01 42 01 31 00 20 01 01 9E 01 4A 00 23 01 01 A4 01 01 01 01 01 01 1B 01 11 00 00 00 23 AC 01 01 9E 01 2A 00 00 00 00
00 00 00 00 00 07 01 0C 32 44 45 01 01 A8 A3 01 0B 07 01 01 01 11 1C 01 4A 21 01 01 01 05 00 0E 0E 4D 4E 31 00 00 20 01 06 08 01 01 01 01 79 00 12 36 0F 00 00 00 32 0E 0E 08 01 01 11 00 00 00
00 00 00 00 00 07 01 10 0D 0F 07 01 2E 32 32 20 01 42 B7 B8 B9 1B 01 01 52 00 12 01 01 01 1F 03 03 00 23 01 0B 00 09 01 11 07 9D 55 51 24 00 00 00 39 3A 0D 37 03 56 57 58 48 C9 CA 11 00 00 00
00 00 00 00 00 07 01 1B 01 01 1B A1 11 00 00 07 01 01 01 01 24 33 01 24 00 14 15 01 01 01 01 01 01 0B 00 22 01 0A 01 53 00 00 4D 00 00 00 00 00 00 00 00 39 3A 01 01 C1 01 7A 28 67 00 00 00 00
00 00 00 00 00 07 01 1B B7 B9 1B 01 11 00 14 15 01 BF 6F F2 00 19 01 66 02 01 2E 50 01 01 55 01 01 13 00 23 01 01 01 52 00 56 57 57 57 57 58 00 00 63 00 00 00 4D 32 F2 32 32 00 00 00 00 00 00
00 00 00 00 00 07 01 11 20 2E 07 A2 11 02 01 01 01 47 11 00 02 01 01 01 01 01 11 07 01 2E 00 22 30 00 00 33 53 32 FA 00 18 01 01 01 01 01 01 4A 07 01 04 00 00 00 00 00 00 63 00 00 00 00 00 00
00 00 00 00 00 07 01 11 00 14 15 01 1B AF BA BA BA B0 11 07 01 28 67 21 01 01 11 00 4E 4A 00 3F 4F 00 00 19 52 00 00 00 19 13 32 50 01 01 01 31 07 01 01 11 00 00 00 00 09 01 1E 0B 00 00 00 00
00 00 00 00 00 07 01 11 7E 9C 01 24 07 BB BC A9 BD BE 11 07 01 2A 03 03 77 01 11 00 3F 52 00 77 1F 03 2B 30 00 00 00 07 A1 11 00 09 01 55 01 30 07 01 01 11 18 47 66 48 B7 B8 B8 B9 11 00 00 00
00 00 00 00 00 07 A2 11 32 32 0E 00 07 01 9D 01 01 7F 11 07 01 01 01 9F 01 01 11 07 01 2A 09 01 A0 01 9D 4F 00 00 00 07 01 1F 72 01 2E 00 69 62 07 01 01 11 19 01 01 A4 01 01 01 01 11 00 00 00
00 00 00 00 00 07 01 05 00 00 00 00 46 32 32 F4 32 32 43 07 A1 06 32 32 20 01 11 00 20 01 24 32 32 F8 32 00 00 00 14 15 01 9F 01 24 00 18 01 2F 07 01 01 11 12 01 86 06 20 9E 01 01 11 00 00 00
00 00 00 00 00 02 01 01 1D 00 00 00 03 03 03 03 56 57 58 48 01 0B 00 00 00 69 11 00 2B 30 00 00 00 00 03 03 03 02 01 60 61 08 01 11 00 54 01 2A 07 B7 B9 1F 03 5F 5F 64 03 38 01 2F 00 00 00 00
00 00 00 00 09 01 30 50 01 04 00 1C A0 01 01 9C 01 01 01 01 01 01 04 14 15 30 00 1C 01 52 00 00 00 4C 01 01 9F 01 2F 00 00 07 01 04 00 63 77 01 1E 01 01 01 A4 01 01 01 9D 9F 01 11 00 00 00 00
00 00 00 07 01 01 31 00 12 01 1E 53 F5 08 A9 06 59 5A 5B F4 F5 12 01 01 9D 52 16 30 78 00 00 00 07 01 74 32 3E 30 00 00 00 00 12 55 47 9C 01 01 01 01 01 13 32 F2 32 32 32 08 01 4A 00 00 00 00
00 00 00 07 01 01 01 0B 07 01 01 52 00 07 01 2A 00 00 1C 0A 04 48 A9 06 32 00 12 31 00 00 00 00 07 A1 11 00 22 62 00 00 00 00 00 07 A1 06 59 5B 32 21 2F 00 49 03 03 03 03 48 01 62 00 00 00 00
00 00 00 07 C2 C3 C4 C5 1B 01 EF 00 00 07 01 01 11 4C 01 01 01 AB 01 11 00 00 48 01 04 00 00 00 07 01 11 00 3F 01 11 00 00 00 00 07 01 1F 00 00 49 03 03 03 48 01 01 01 01 01 01 01 4A 00 00 00
00 00 00 07 01 01 01 01 1B 01 11 00 00 07 55 2D 07 80 AD AE 01 AC 2E 00 00 02 01 51 01 05 03 03 17 01 0B 07 01 01 1F 03 03 03 03 48 01 01 0B 00 07 01 01 01 9F 01 01 01 01 01 01 01 4F 00 00 00
00 00 00 00 44 81 01 2F 07 01 1F 03 03 03 03 03 5C 5D 32 F4 32 32 00 00 07 01 13 00 21 01 A4 01 01 01 01 1E 9E 01 A8 01 01 01 A7 01 01 01 01 11 07 A1 06 32 08 01 01 01 01 01 01 24 00 00 00 00
00 00 00 00 00 00 4D 00 07 01 A0 01 01 01 01 01 01 11 00 00 00 00 00 00 07 A1 11 00 18 53 32 32 12 0C 32 32 08 01 06 32 32 F3 3E 01 01 01 01 11 07 D1 11 00 07 01 01 01 01 01 01 4A 00 00 00 00
00 00 00 00 00 00 00 00 07 01 06 32 32 32 F3 08 01 1F 56 57 58 03 00 00 07 01 11 00 19 52 00 00 00 21 0B 00 07 01 11 00 00 00 69 01 01 01 2F 00 07 D2 11 00 07 01 01 01 01 01 01 31 00 00 00 00
00 00 00 00 09 1E 0A 2A 07 01 11 2C 1E 0D 0F 48 01 A0 01 01 01 01 4A 00 07 01 11 07 01 1F 00 00 00 00 22 2A 07 01 11 00 00 00 21 51 40 13 00 00 07 D3 11 00 1C 01 01 01 01 01 01 2F 00 00 00 00
00 00 00 00 82 01 01 01 42 A2 1B 01 01 01 01 01 01 06 F5 08 01 01 31 00 07 01 11 07 01 01 0B 56 58 00 23 01 1B 01 1F 03 03 03 03 03 03 03 03 03 48 A2 11 07 01 01 01 01 01 01 01 11 00 00 00 00
00 00 00 00 3F 01 01 01 9D 01 1E 01 01 01 2F 08 01 1F 03 48 01 01 01 05 07 01 11 07 01 1A 01 01 01 04 00 20 47 01 01 01 01 01 01 01 01 01 01 A4 01 01 11 07 01 01 01 01 01 01 01 11 00 00 00 00
00 00 00 07 01 01 01 01 06 32 22 01 01 24 00 07 01 A0 01 9F 01 01 01 01 1B 01 11 07 01 1B 01 01 01 01 0B 07 A5 06 F4 08 A1 06 08 A1 06 08 01 06 08 A1 11 00 21 01 9E 01 01 01 01 4A 00 00 00 00
00 00 00 07 01 01 01 01 11 00 23 01 5E 56 58 48 01 06 32 08 B1 B2 B2 B3 1B 01 11 07 01 4B 01 01 01 01 01 42 AA 1F 00 07 01 1F 48 01 11 07 01 11 07 01 11 00 09 01 06 0E 0E 08 01 31 00 00 00 00
00 00 00 07 01 01 01 01 4A 00 07 01 01 A0 9F 01 01 1F 03 48 B7 B8 B8 B9 1B 01 11 07 01 9D 01 01 01 01 01 01 01 01 0B 07 01 A0 9F 01 11 07 01 11 07 01 11 02 01 30 00 00 00 07 01 01 11 00 00 00
00 00 00 00 4E 01 01 01 31 00 48 A2 06 59 5B 08 01 A0 9E 9F 01 01 01 01 1B 01 11 07 01 06 12 2E 0E 0E 08 A1 EF 08 D1 1B A1 5E 38 A1 1F 02 01 66 07 01 11 85 51 52 00 16 0A 1E 01 01 11 00 00 00
00 00 00 00 23 01 01 01 2F 2C 01 01 1F 00 00 07 01 06 32 08 01 01 01 01 1B 01 11 07 01 1F 03 03 03 03 48 01 11 07 D2 1B 01 01 01 01 A0 01 01 30 07 01 11 00 00 00 00 4E 01 01 01 01 11 00 00 00
00 00 00 00 00 59 5A 5B 1C 01 01 01 AB 0D 35 07 01 11 00 07 01 01 01 01 1E 01 1F 48 01 A0 01 01 01 01 01 01 11 07 D2 1B 01 01 01 01 06 12 01 31 07 01 1F 03 03 03 03 3F 01 01 01 53 00 00 00 00
00 00 00 00 00 00 00 07 01 01 01 01 B4 01 01 1B 01 11 00 48 01 01 01 01 01 01 9C 9F 01 06 F0 F5 08 A9 06 32 43 48 D3 1B B7 B8 B8 B9 11 18 01 53 07 01 01 01 01 C1 9F 01 01 9C 01 52 00 00 00 00
00 00 00 00 00 00 00 07 9C 01 01 01 AC 01 2D 07 01 1F 1C 01 01 06 6E C0 C0 70 32 08 01 11 00 00 07 01 11 14 15 C6 01 1B 01 01 9D 01 11 19 01 62 46 32 32 F5 32 32 32 32 32 32 32 00 00 00 00 00
00 00 00 00 00 00 00 5C 5F 5F EC 5F 32 32 00 07 01 9F 01 01 01 11 00 00 03 03 03 48 01 11 00 00 07 01 11 20 84 C8 2F 07 01 06 08 01 11 44 45 01 2A 00 00 56 57 58 00 00 00 00 00 00 00 00 00 00
00 00 00 00 00 00 33 01 01 01 01 01 0D 0F 00 07 01 1A CB CC CD 11 00 1C 01 01 01 01 01 1F 03 03 48 01 36 37 0E 0E 63 48 A6 1F 48 A6 11 00 00 22 01 4A 16 01 01 01 04 00 00 00 00 00 00 00 00 00
00 00 00 00 00 00 19 01 01 01 01 01 01 01 11 07 01 1B AA EE AA 11 16 01 01 01 01 40 01 01 01 9E 01 01 01 01 1E 47 01 01 01 01 01 01 11 00 00 23 01 62 87 01 01 01 01 11 03 03 00 00 00 00 00 00
00 00 00 00 00 00 22 01 01 01 01 01 01 01 11 07 01 1B 83 40 2E 07 01 01 51 60 61 00 32 F1 F3 32 08 01 06 59 5A 5A 5A 5A 5A 5A 5B F2 43 00 00 00 4E 30 23 01 01 01 01 65 01 01 0B 00 00 00 00 00
00 00 00 00 00 00 23 8C 01 01 01 01 01 01 11 07 01 11 00 00 00 07 01 30 49 03 03 27 00 03 03 03 48 01 11 00 00 00 00 00 00 00 00 49 03 03 00 00 68 31 00 12 01 01 01 01 01 01 01 11 00 00 00 00
00 00 00 00 00 00 00 32 F4 4E 01 01 01 01 11 07 01 0B 00 00 00 18 01 52 07 01 01 11 18 01 40 01 01 01 1D 00 00 00 00 00 14 37 00 07 01 9F 0B 00 07 01 11 00 32 F4 08 C2 C3 C3 C4 11 00 00 00 00
00 00 00 00 00 00 56 58 00 23 01 01 01 01 11 07 01 01 66 03 26 25 2E 00 07 B7 B9 11 19 13 00 44 45 01 01 0B 00 00 00 07 01 01 1F 5C ED 38 01 04 07 01 11 00 00 00 09 01 01 01 01 11 00 00 00 00
00 00 00 00 00 02 01 01 4A 00 20 01 01 2E 00 48 01 01 01 AB 01 24 00 00 1C 01 01 1B A1 11 00 00 00 08 B7 B9 1F 00 00 00 12 89 A8 01 01 9E 01 01 1B 01 11 1C 0B 07 A1 5E 5F 38 A1 11 00 00 00 00
00 00 00 00 09 01 01 01 31 00 07 01 24 00 02 01 01 01 01 AC 2F 00 00 2C 01 01 01 1B 01 11 00 00 00 07 01 01 01 05 03 03 00 32 32 32 32 08 01 01 1B 01 1B 01 01 47 01 A0 01 9F 01 11 00 00 00 00
00 00 00 07 01 01 01 01 01 1D 48 A9 11 18 01 01 01 01 01 06 00 00 07 01 01 01 01 FB 01 11 00 00 00 07 01 01 9D 01 01 C6 04 00 00 00 00 09 01 01 1B A6 6A 01 01 3D A2 5E EC 38 A2 11 00 00 00 00
00 00 00 07 01 01 01 01 01 01 A0 01 11 54 01 01 01 01 01 11 00 00 02 01 01 01 01 11 22 1E 05 00 03 48 01 30 32 08 01 C7 01 0D 0F 03 4C 01 01 24 07 01 9F 01 01 1B 01 01 01 88 01 11 00 00 00 00
00 00 00 07 AF BA BA BA BA B0 06 32 43 07 AF BA BA BA B0 11 00 00 8A 45 01 40 24 00 23 01 01 0A 01 01 01 4F 00 07 01 C7 01 01 01 01 01 01 30 00 07 01 1A 01 01 1B 01 06 59 70 32 43 00 00 00 00
00 00 00 07 AA 5E ED EC 38 AA 11 00 00 07 01 9D 01 01 9C 11 00 00 00 00 0E 00 00 00 00 12 9C 01 01 01 01 11 00 07 01 C8 01 01 01 01 01 01 4F 00 07 01 1B 01 01 1B 01 11 00 00 00 00 00 00 00 00
00 00 00 07 01 01 01 01 01 2F 00 1C 05 46 32 32 32 F7 32 43 00 00 56 57 57 57 57 58 00 00 32 F1 59 5B 5F 64 14 15 30 32 32 32 08 A1 06 32 00 00 07 01 1B 01 01 1B 01 11 00 00 09 66 00 00 00 00
00 00 00 07 01 01 01 9D 24 00 07 01 01 04 00 00 00 00 00 00 14 15 01 01 01 01 01 01 0B 03 00 00 00 1C 01 01 01 01 52 00 00 00 07 01 1F 03 03 03 48 A2 11 12 01 1B 01 1F 03 48 B7 B9 11 00 00 00
00 00 00 07 A1 06 F6 32 00 00 48 01 01 01 11 00 00 00 00 1C 01 01 01 01 01 01 01 01 01 01 66 00 07 B7 B8 B8 B8 B9 11 00 00 00 09 01 55 01 01 01 01 01 11 07 01 1B 01 01 01 01 01 01 11 00 00 00
00 00 00 07 01 11 00 00 00 2C 01 01 01 24 00 00 00 00 07 01 01 01 01 01 01 01 01 01 9E 01 2F 00 00 12 8B 40 55 24 00 00 14 15 01 2E 00 4D 50 01 01 01 11 07 01 1B 01 01 01 01 01 01 11 00 00 00
00 00 00 07 01 11 00 16 47 01 01 01 6C 03 03 03 03 03 48 01 24 F8 08 A1 5E 5F 5F 5F 38 01 1F 56 57 57 57 57 57 57 58 48 01 28 67 00 00 00 00 77 01 01 1F 48 A6 6A 01 01 01 01 01 01 11 00 00 00
00 00 00 07 01 11 07 01 01 01 01 01 01 01 01 01 01 01 01 01 11 00 07 01 01 9D 01 01 9F 01 01 A0 01 01 01 01 01 01 9F 01 01 04 56 57 57 58 1C 01 01 01 A0 01 9E 01 01 01 01 2F 21 01 11 00 00 00
00 00 00 07 01 11 07 01 5E 6D 6E 5A 5A 5A 5A 5A 5A 70 6F 32 43 00 46 32 F0 32 32 32 32 32 32 59 5A 5A 5A 5A 5A 5A 5B 08 01 01 01 01 55 01 01 01 01 01 06 F2 08 01 01 01 2E 00 07 A1 11 00 00 00
00 00 00 07 A2 1F 02 01 01 04 03 56 57 57 57 57 57 57 57 57 57 57 57 57 57 58 03 00 00 00 00 00 00 00 00 00 00 03 27 07 01 01 01 2F 00 20 01 01 01 01 11 00 07 01 01 24 00 00 07 01 11 00 00 00
00 00 00 07 01 01 01 01 01 01 01 01 01 01 01 01 01 01 01 01 01 01 01 01 01 01 01 04 00 00 00 00 1C 47 4A 00 02 01 11 46 32 08 A1 11 00 07 01 2E F9 32 43 00 07 AF B0 11 00 00 07 A2 11 00 00 00
00 00 00 46 32 21 01 01 01 01 01 06 F5 32 32 08 A1 5E 38 A1 5E 5F 5F 38 01 01 01 01 05 00 00 07 01 01 31 00 22 01 66 00 00 09 01 0D 0F 48 A2 11 00 00 00 00 07 01 01 04 03 03 02 01 11 00 00 00
00 00 00 00 00 00 08 01 01 01 2F 00 00 00 00 07 01 AB 01 01 A8 01 9D 9F 01 01 55 01 01 11 00 2C 01 01 91 00 23 01 30 00 07 01 01 01 01 01 01 11 00 00 00 00 18 01 01 01 01 C6 01 01 11 00 00 00
00 00 00 00 00 00 07 01 01 24 00 18 0B 00 00 07 9C AC 90 01 06 32 32 08 01 2F 00 12 13 00 07 B7 B8 B9 11 00 07 01 4F 00 00 12 01 01 01 01 24 00 00 00 00 00 19 01 01 9C 01 C8 9D 01 11 00 00 00
00 00 00 00 00 00 07 A1 06 00 00 19 01 05 00 46 32 32 32 F4 43 1C 04 07 01 11 00 00 00 00 00 20 01 01 11 00 2C 01 11 00 00 00 59 5A 5A 5B 49 03 03 03 03 71 A1 06 32 32 FA 32 32 32 43 00 00 00
00 00 00 00 00 00 07 01 11 00 00 44 45 01 11 00 09 0A 0B 16 1E 01 24 07 01 04 56 57 58 00 00 00 21 01 2A 16 01 01 1D 03 03 03 03 03 03 03 48 01 01 01 01 1B 01 1F 00 00 00 00 00 00 00 00 00 00
00 00 00 00 00 00 09 01 11 00 00 00 00 21 04 72 01 01 01 01 28 67 00 07 01 01 01 01 01 66 03 03 48 01 01 01 2E 21 51 01 01 01 01 01 01 01 01 01 01 01 01 1B 01 AB 2A 00 00 00 00 00 00 00 00 00
00 00 00 00 00 18 01 01 11 49 03 2C 05 07 01 01 01 01 01 06 00 00 00 07 01 01 01 01 01 01 01 01 01 51 2F 4D 03 03 03 38 AF B0 06 0E 0E 32 12 01 01 01 01 1B 01 AC 01 0B 03 03 00 00 00 00 00 00
00 00 00 00 00 19 1A 01 11 07 01 01 01 42 01 01 01 01 01 04 2C 05 00 07 A1 06 59 5A 5B 32 20 01 24 00 2C 1E 01 01 A7 01 01 01 11 00 00 00 00 21 01 01 01 6A 01 06 20 01 51 01 4A 00 00 00 00 00
00 00 00 00 07 A1 1B 01 1F 48 01 01 01 51 24 32 32 21 01 01 01 01 11 07 01 11 00 00 00 00 07 A2 1F 1C 6B 32 32 F1 08 01 01 01 04 00 00 00 00 00 20 01 01 01 13 00 00 4D 00 22 31 00 00 00 00 00
00 00 00 00 07 D1 1B 01 9E 01 01 01 2F 00 00 00 00 00 0E 20 01 01 1F 48 A2 1F 03 03 03 03 72 01 01 01 11 00 00 00 1C 01 01 01 13 00 00 00 00 00 00 0E 21 01 4A 00 00 00 00 23 01 11 00 00 00 00
00 00 00 00 07 D2 1B A1 06 F5 08 01 04 63 1C 1E 1D 00 00 72 01 01 01 01 01 A0 9D 01 01 9F 01 01 01 2E 00 00 00 72 01 01 01 01 11 00 00 00 00 00 00 00 07 01 62 00 00 00 00 07 01 11 00 00 00 00
00 00 00 00 07 D2 1B 01 11 00 00 12 01 01 01 01 01 04 16 01 01 01 01 3D A1 06 32 32 32 F0 32 F4 32 00 00 00 07 01 01 01 51 6B 00 00 49 03 09 47 05 00 07 01 2E 00 56 57 58 07 01 11 00 00 00 00
00 00 00 00 07 D2 1B 01 11 00 00 07 01 10 01 01 01 01 01 28 67 50 2F 07 01 11 02 0B 00 00 00 00 00 00 00 00 00 22 01 30 00 00 00 00 07 C6 01 01 01 66 1C 01 04 16 01 01 01 47 01 11 00 00 00 00
00 00 00 00 07 D2 1B 01 11 00 00 07 01 11 20 55 13 32 32 00 00 00 00 07 01 73 01 01 11 00 00 00 00 00 00 00 00 92 55 4F 00 00 00 49 17 C7 01 01 01 01 01 01 01 01 2F 08 AF BA B0 11 00 00 00 00
00 00 00 00 07 D2 1B A2 1F 56 58 48 A2 1F 03 03 03 03 03 03 03 03 03 48 01 01 01 01 05 00 00 00 00 00 00 00 00 00 00 00 00 00 00 07 93 C8 01 01 01 01 01 9D 01 24 00 00 12 01 9C 11 00 00 00 00
00 00 00 00 07 D2 1B 01 01 9C 01 01 01 01 01 01 01 01 01 01 9E 01 01 9F 01 01 01 01 8F 00 00 00 00 00 00 00 00 00 00 00 00 00 00 46 32 32 32 08 A9 06 F4 32 32 00 00 00 00 32 32 43 00 00 00 00
00 00 00 00 07 D2 1B A9 06 32 32 F4 32 32 32 32 32 F9 08 A1 06 32 32 08 01 01 01 24 00 00 00 00 00 00 00 00 00 00 00 00 00 00 00 00 00 00 00 07 01 11 00 03 03 03 03 03 03 03 03 03 27 00 00 00
00 00 00 00 07 D3 1B 01 11 00 00 00 00 00 00 00 00 00 07 01 11 00 00 07 01 01 74 00 00 00 00 00 00 00 00 00 00 00 00 00 00 00 00 00 00 00 00 07 01 11 72 01 A0 01 01 01 A0 01 9F 01 11 00 00 00
00 00 00 00 07 A6 1B 01 11 00 00 00 00 00 00 00 00 00 07 01 11 00 00 07 AF B0 11 00 00 00 00 00 00 00 00 00 00 00 00 00 03 03 03 03 27 00 00 07 01 11 21 01 06 20 01 01 06 F6 08 01 11 00 00 00
00 00 00 00 07 01 42 A6 11 00 2C 1E 0B 00 00 00 00 00 02 13 00 00 00 07 01 01 11 00 00 09 47 0A 2A 00 00 00 00 00 00 1C C6 01 01 01 11 00 00 07 01 11 07 01 11 00 50 01 1E 47 1E 01 11 00 00 00
00 00 00 00 09 01 01 01 1F 2B 01 01 01 47 05 00 00 72 2F 00 00 00 00 07 01 01 04 00 00 22 01 01 01 05 56 57 57 58 16 01 C7 01 01 01 4A 00 00 07 01 1F 48 01 11 00 00 0E 0E 0E 21 2E 00 00 00 00
00 00 00 00 77 01 01 01 01 01 01 01 01 01 53 00 00 12 05 00 00 00 00 07 01 6B 21 0B 00 23 01 01 01 01 01 01 01 01 01 01 C7 01 01 01 31 00 00 07 01 A0 9F 01 11 1C 04 09 1E 05 00 00 00 00 00 00
00 00 00 00 22 01 01 01 01 01 01 9C 01 8D 4F 00 00 00 20 04 03 27 00 07 A1 11 07 A1 11 00 0E 21 01 13 59 5A 5A 5B 22 01 C7 01 01 01 01 11 00 07 01 06 08 01 11 94 01 01 01 01 75 00 00 00 00 00
00 00 00 00 23 01 01 9E 60 61 32 32 F2 32 00 00 00 00 00 20 01 11 00 72 01 11 00 4E 0D 0F 03 03 4D 00 00 00 00 00 23 01 C7 01 01 01 01 1F 03 48 01 11 07 01 75 00 12 01 01 01 01 04 00 00 00 00
00 00 00 00 00 12 74 32 00 00 72 1E 66 00 00 1C 47 04 00 72 2E 00 16 01 13 00 00 23 01 01 01 CE 47 1E 36 35 00 00 00 69 C7 01 01 01 01 A4 9E 9F 01 11 02 01 30 00 00 76 01 01 9D 6B 00 00 00 00
00 00 00 00 00 00 03 03 14 15 01 01 01 11 07 01 01 01 1E 24 00 1C 01 74 00 56 58 4C 01 01 01 CF 01 01 01 53 00 00 18 01 C7 01 01 01 2F 32 32 08 01 1B 01 01 52 00 00 00 77 01 06 00 00 00 00 00
00 00 00 00 00 16 01 40 01 01 01 01 01 11 00 76 97 9D 01 11 00 22 01 47 1E 01 01 01 2F 4D 21 D0 9D 01 8E 52 00 00 19 01 C7 01 01 2E 00 00 00 07 01 1B 01 01 04 00 00 72 01 01 11 00 00 00 00 00
00 00 00 00 02 28 67 2C 01 01 01 01 2E 00 00 00 32 08 01 05 00 23 01 01 01 01 01 24 00 00 00 32 32 F4 32 00 00 00 20 01 C8 28 67 00 16 0B 03 48 01 11 20 51 01 05 1C 01 74 F2 43 00 00 00 00 00
00 00 00 00 77 04 1C 74 59 5A 5A 5B 00 00 00 00 00 07 B7 B9 11 00 F4 32 76 55 13 00 00 00 00 00 00 00 00 00 00 00 00 F2 32 00 00 09 01 01 A0 01 9D 11 00 00 21 01 01 6B 00 00 00 00 00 00 00 00
00 00 00 00 21 01 24 00 1C 47 4A 00 09 0A 0B 00 00 00 20 01 11 00 00 00 00 00 00 00 00 00 00 00 00 00 00 09 0A 0B 00 00 00 00 07 01 01 01 06 F4 32 43 00 00 07 01 01 04 00 00 00 00 00 00 00 00
00 00 00 00 07 A1 11 07 01 01 31 07 01 01 01 11 00 00 07 01 11 16 05 00 00 00 00 00 72 04 00 00 00 00 07 01 01 01 11 00 00 00 07 01 01 01 1F 16 47 1E 34 35 07 B1 B2 B3 11 00 00 00 00 00 00 00
00 00 00 00 07 D1 11 07 01 01 01 1B 01 01 01 2A 03 03 48 AA 73 01 01 34 35 56 58 02 01 01 75 00 00 00 07 01 01 01 11 00 00 00 00 12 01 01 A8 01 01 01 01 01 11 20 01 01 11 00 00 00 00 00 00 00
00 00 00 00 07 D2 11 07 B7 B8 B9 11 21 01 01 01 01 01 01 01 01 01 01 01 01 01 01 01 01 01 01 11 00 00 07 01 96 2F 00 00 00 00 00 07 01 74 F2 21 55 01 01 01 11 00 12 01 11 00 00 00 00 00 00 00
00 00 00 00 07 D2 11 00 50 01 01 75 07 01 01 01 01 01 01 01 9D 01 01 01 01 06 59 5A 5B 76 01 11 00 00 07 A1 0C 63 72 47 75 00 00 07 A1 11 00 00 00 20 28 95 00 00 07 A5 11 00 00 00 00 00 00 00
00 00 00 00 07 D2 11 00 07 01 01 01 1B 01 01 01 01 2E F5 F4 32 50 01 01 2F 00 00 00 00 07 01 11 00 00 16 01 40 01 01 01 24 00 00 07 01 1F 03 1C 0B 00 00 00 00 00 07 01 11 00 00 00 00 00 00 00
00 00 00 00 07 D2 11 00 07 B7 B8 B9 11 12 55 01 01 11 00 00 00 07 01 2E 00 09 2A 00 00 07 01 04 63 02 01 2E 00 76 01 74 00 00 00 07 01 01 01 01 01 1E 0B 00 00 00 07 01 0B 00 00 00 00 00 00 00
00 00 00 00 07 D2 11 00 02 01 01 74 00 00 07 01 01 0B 00 00 00 07 A1 11 07 B7 B9 11 00 07 01 01 01 55 2D 00 00 07 A9 11 00 00 00 07 A5 06 32 3E 01 01 01 47 0D 0F 16 01 01 11 00 00 00 00 00 00
00 00 00 00 07 D3 11 00 12 01 01 66 03 03 48 01 01 01 04 00 00 1C 01 1F 2C 01 01 0B 00 00 12 01 01 1F 03 00 14 15 01 66 56 57 58 1C 01 75 07 CB CC CC CC CC CC CC CC CC CD 11 00 00 00 00 00 00
00 00 00 00 07 A2 1F 03 48 01 01 01 9C C1 01 01 01 9E 74 00 07 01 01 AB 01 24 44 45 1D 03 48 01 01 A8 01 1E 01 01 01 51 01 01 01 01 01 01 1B 01 01 30 0E 0E 0E 4D 50 9C 01 11 00 00 00 00 00 00
00 00 00 00 07 01 01 01 01 9D 01 06 32 F0 32 32 F1 32 00 00 07 01 9C AC 01 2A 00 09 01 01 A8 9D 01 06 F4 76 01 28 67 00 76 01 01 01 01 01 11 12 55 4F 49 03 03 03 03 5F 5F 64 03 03 27 00 00 00
00 00 00 00 07 01 01 6B F1 08 A1 11 00 00 16 05 00 09 0A 0B 07 01 06 32 20 01 1E 01 01 2D 32 08 A9 11 00 07 A9 11 00 00 00 44 45 55 9E 2E 00 00 03 03 48 01 A0 01 01 01 01 01 9F 01 11 00 00 00
00 00 00 00 07 01 74 00 00 07 D1 11 00 02 01 01 1E 01 01 2E 07 01 11 00 00 6E 5B 21 01 11 00 07 01 11 00 07 01 11 00 00 00 00 00 00 4D 03 03 02 01 01 A7 01 D4 D6 D4 A1 D5 D6 D5 01 11 00 00 00
00 00 00 00 07 01 11 00 00 07 D3 11 72 01 51 74 4D 21 01 11 07 A2 1F 1C 0B 03 03 48 A1 11 00 07 A2 1F 03 48 A2 11 00 00 00 00 00 00 2C AB C6 01 2F 32 08 01 A0 01 A7 01 A8 01 9F 01 11 00 00 00
00 00 00 00 1C 01 11 00 00 09 01 11 98 2F 00 00 03 48 01 75 09 01 01 01 01 A0 01 01 01 11 00 72 01 A4 01 A3 01 05 56 57 57 57 58 72 01 B4 C7 01 11 00 46 32 32 32 32 E9 32 32 32 32 43 00 00 00
00 00 00 07 01 01 2A 00 07 B7 B9 11 00 00 00 02 01 01 01 01 01 01 01 01 2E 08 01 01 01 4A 00 69 01 5E EB 38 01 01 01 01 01 9C 01 01 01 AC C8 74 00 16 1E 05 00 00 00 00 00 00 00 00 00 00 00 00
00 00 00 07 CB CC CD 11 07 01 01 04 63 14 15 01 01 01 01 01 01 06 F0 32 00 07 01 01 01 4F 00 20 40 01 01 01 51 01 74 32 F4 32 21 01 6B 32 5F 03 1C 13 4D 76 04 03 00 00 00 00 00 00 00 00 00 00
00 00 00 07 AA EE AA 11 16 01 01 01 01 01 01 01 01 01 01 01 24 00 00 00 00 00 50 28 67 00 00 00 00 50 01 13 00 4D 03 03 03 03 03 4D 63 2C 01 51 01 4A 00 00 12 40 0B 00 00 00 00 00 00 00 00 00
00 00 00 00 12 01 01 11 50 01 01 01 06 12 01 01 01 9D 01 01 0B 16 1E 05 00 00 63 00 00 16 05 00 00 00 0E 63 72 1E 01 01 01 01 01 1E 01 01 2E 00 21 31 00 56 58 17 01 11 00 00 00 00 00 00 00 00
00 00 00 00 00 77 01 11 00 76 28 67 00 00 32 F7 5F 32 32 20 01 01 01 01 04 72 01 66 07 01 01 04 00 02 47 01 01 2E 4D 50 01 01 01 01 01 6B 00 00 00 20 47 9C 01 01 74 00 00 00 00 00 00 00 00 00
00 00 00 00 72 01 01 04 03 03 00 00 00 00 00 09 C6 04 00 00 21 01 01 01 01 01 01 6B 07 01 01 01 1E 01 01 01 74 00 00 00 21 51 01 01 06 00 00 00 00 00 32 32 EA 5F 03 03 09 0A 0B 00 00 00 00 00
00 00 00 00 69 01 01 01 01 CE 75 56 57 58 02 01 C7 01 0B 00 00 6E C0 C0 70 38 A2 1F 2C 01 01 2F F6 32 21 40 05 03 03 03 00 00 20 01 11 00 00 00 00 03 03 02 CE 01 01 A0 01 01 01 11 00 00 00 00
00 00 00 00 44 45 01 99 01 D0 01 01 01 01 01 01 C7 01 01 66 56 57 58 2C 47 01 01 01 01 01 74 00 00 00 00 00 20 01 01 01 66 00 07 A1 11 00 00 00 2C 01 01 01 D0 9D 01 5E EC 38 A9 11 00 00 00 00
00 00 00 00 00 00 F4 08 01 06 20 24 F1 32 12 01 C8 01 01 01 01 01 01 01 01 01 55 2E 08 A9 1F 09 0A 2A 00 00 07 01 01 01 01 04 48 01 05 03 03 16 01 55 2E 32 F4 08 01 CE 01 C6 01 11 00 00 00 00
00 00 00 00 00 00 00 07 01 66 00 00 00 00 00 32 08 01 2F 59 5B 76 01 01 01 74 00 00 07 01 01 55 01 01 11 00 07 01 01 01 01 01 01 01 01 A0 9F 01 74 00 00 00 00 07 01 D0 9B C8 9E 11 00 00 00 00
00 00 00 00 00 00 72 1E 01 01 05 00 00 00 00 00 16 01 04 00 00 00 21 51 2F 00 00 14 15 28 67 00 77 01 1F 03 48 01 01 01 01 01 01 01 2E 32 32 12 04 03 56 57 58 48 A2 06 32 F4 32 43 00 00 00 00
00 00 00 00 16 47 01 28 29 01 01 75 00 00 00 72 01 01 01 11 16 0B 56 57 57 58 1C 01 6B 09 0A 47 55 01 01 01 A7 01 9D 74 21 01 01 6B 00 00 00 00 21 01 01 01 51 40 55 47 04 63 00 00 00 00 00 00
00 00 00 07 01 01 01 0D 25 01 01 01 36 35 07 01 01 01 53 07 01 01 01 01 01 01 40 01 1F 77 01 74 00 76 01 24 32 F1 32 00 00 32 F6 00 00 00 00 00 00 20 01 01 0D 0F 1C 01 28 29 66 00 00 00 00 00
00 00 00 07 01 01 01 01 01 2F 21 01 01 01 6A 01 01 01 52 00 76 01 01 01 01 24 00 12 A0 01 2F 00 00 00 4D 00 00 00 00 00 00 00 00 00 00 00 00 00 00 00 0E 0E 21 01 01 01 0D 25 24 00 00 00 00 00
00 00 00 00 44 45 01 51 2D 00 00 50 9E 01 C1 9C 01 24 00 00 00 9A 55 74 4D 00 00 00 32 F4 00 00 00 00 00 00 00 00 00 00 00 00 00 00 00 00 00 00 00 00 00 00 00 76 51 74 21 6B 00 00 00 00 00 00
00 00 00 00 00 00 4D 00 00 00 00 00 32 F5 32 32 32 00 00 00 00 00 00 00 00 00 00 00 00 00 00 00 00 00 00 00 00 00 00 00 00 00 00 00 00 00 00 00 00 00 00 00 00 00 00 00 00 00 00 00 00 00 00 00
